#! FIELDS time rct DeltaF_-2.5 DeltaF_-2.21429 DeltaF_-1.92857 DeltaF_-1.64286 DeltaF_-1.35714 DeltaF_-1.07143 DeltaF_-0.785714 DeltaF_-0.5
#! SET print_stride  100
                    250                      0  3.469446951953614e-18  3.469446951953614e-18    0.02976237056582143     0.4958408450464618      1.921407074185743      4.506983577329992      8.359351373743957      13.80131918339072
                    500    0.09615256466308979  3.469446951953614e-18  3.469446951953614e-18    0.03850976597796223        0.5105923226585      1.827712187669741      3.738649136551071      6.419498176062103      9.775583735284345
                    750     0.1564754835144347  3.469446951953614e-18  3.469446951953614e-18    0.07891745611396261     0.6131267987261884      1.979162601752588       4.00642038737161      6.750460793187881      10.07704737602465
                   1000     0.1123674997373406  3.469446951953614e-18  3.469446951953614e-18    0.06790921814217192     0.5646085450149553      1.969254236289055      4.093530576499895      6.834922487567926      9.984511542036232
                   1250    -0.1115694393564521  3.469446951953614e-18  3.469446951953614e-18     0.0728511513814613     0.5876328652752979       1.98244540894466      4.090559775068727      6.683708922337778      8.374453919687879
                   1500    -0.3333001188313472  3.469446951953614e-18  3.469446951953614e-18    0.07278211437963929     0.5869025235440145       1.97674227740231      4.038257729516711      6.135998994007105      6.773179111849794
                   1750    -0.5125583469633961  3.469446951953614e-18  3.469446951953614e-18    0.07257626650892597     0.5847277234401589      1.959925496317552      3.896791130719917      5.321679430607914      5.555066123251512
                   2000    -0.6599044799094282  3.469446951953614e-18  3.469446951953614e-18    0.07208369124249833      0.579540938012426      1.920783156644301      3.622366911825768      4.474328092987774      4.567123064312388
                   2250    -0.7797557540412948  3.469446951953614e-18  3.469446951953614e-18    0.07108178086649328     0.5690653945716772      1.845548783199485      3.224590364020313      3.702732321910261      3.743989025073801
                   2500    -0.8730983948604834  3.469446951953614e-18  3.469446951953614e-18    0.06931464104649676     0.5508272439429769      1.725098660806944      2.767387013579655      3.035037375622045      3.055476722670395
                   2750    -0.9395795120123381  3.469446951953614e-18  3.469446951953614e-18    0.06658906635962178     0.5232727672066487      1.563473795850448      2.318070079947645      2.473713330846242       2.48487788764407
                   3000    -0.9796342468209616  3.469446951953614e-18  3.469446951953614e-18    0.06290032319540047     0.4870364997675748      1.378965324664939      1.918347131502521      2.014259950013617      2.020918331561277
                   3250     -0.995818446062933  3.469446951953614e-18  3.469446951953614e-18    0.05847561547147628      0.445068185261221      1.194209543210138      1.584134297587919      1.647075937028383      1.651367962875438
                   3500     -0.992656677954187  3.361026734705064e-18  3.361026734705064e-18    0.05368295167284231     0.4013160979931158      1.025678320302899      1.314759591532788      1.358585267838053       1.36154311314353
                   3750    -0.9754690594482802  3.361026734705064e-18  3.361026734705064e-18     0.0488852864911563     0.3591579456491031     0.8807097493041813       1.10164561213994      1.133784239888382      1.135939730468912
                   4000     -0.949180860321066  3.361026734705064e-18  3.361026734705064e-18    0.04434456958388715     0.3206550118710184     0.7599793040421381      0.934009171740293     0.9586263823485872     0.9602707757044514
                   4250    -0.9176922702919372  3.361026734705064e-18  3.361026734705064e-18    0.04020328593972181     0.2866417115377409     0.6608816152267851      0.801776013282368     0.8213206366084633     0.8226226465362144
                   4500    -0.8837812198837873  3.361026734705064e-18  3.361026734705064e-18    0.03651106976384706     0.2571488519043504     0.5798129948476273     0.6966367202484816     0.7126158669853861     0.7136783256501383
                   4750    -0.8492815244074683  3.361026734705064e-18  3.361026734705064e-18    0.03326062532443547     0.2317990129224572     0.5132849802649595     0.6121436865810899     0.6255251496658951     0.6264136525262892
                   5000    -0.8153307084406092  3.361026734705064e-18  3.361026734705064e-18    0.03041605899354959      0.210064454221742     0.4583250702136507     0.5434376804304213      0.554867225054204     0.5556253331185633
                   5250    -0.7825901403930704  3.361026734705064e-18  3.361026734705064e-18     0.0279307024208583     0.1914044605510986     0.4125407889969402     0.4868977272666103     0.4968211949469448     0.4974788773491894
                   5500    -0.7514106914109245  3.361026734705064e-18  3.361026734705064e-18     0.0257567988394148      0.175326419306112     0.3740557464235708     0.4398283967260947     0.4485630109349493     0.4491415340881423
                   5750    -0.7219475584518881  3.361026734705064e-18  3.361026734705064e-18    0.02385008292609045     0.1614060096046868     0.3414130454788443     0.4002135237943067     0.4079910592537166     0.4085059286552975
                   6000    -0.6942363160396069  3.361026734705064e-18  3.361026734705064e-18    0.02217151547717393     0.1492880352556773     0.3134831440015236     0.3665327915677822     0.3735265922570212     0.3739893850975351
                   6250    -0.6682419412527855  3.361026734705064e-18  3.361026734705064e-18    0.02068757288206576     0.1386793724353394     0.2893873741977823      0.337628535265413     0.3439709442969181     0.3443904874435237
                   6500    -0.6438898490871157  3.361026734705064e-18  3.361026734705064e-18     0.0193698764776763     0.1293396068170646     0.2684381190098558     0.3126099348350974     0.3184038524145071     0.3187870013037733
                   6750    -0.6210852501736905  3.361026734705064e-18  3.361026734705064e-18     0.0181945728519698     0.1210718261686531      0.250093280560393     0.2907841611481878     0.2961109020871812     0.2964630690131223
                   7000    -0.5997250347019134  3.361026734705064e-18  3.361026734705064e-18    0.01714166668601504     0.1137145053608508       0.23392202973407     0.2716066912753015     0.2765314486100511     0.2768569693591686
                   7250    -0.5797049142316621  3.361026734705064e-18  3.361026734705064e-18    0.01619439648991796     0.1071347155918254     0.2195791257311336     0.2546452084187223     0.2592209308612881     0.2595233244922187
                   7500    -0.5609235740747097  3.361026734705064e-18  3.361026734705064e-18    0.01533868712664639      0.101222592005569     0.2067856314791201     0.2395531497852224     0.2438233449769244     0.2441055013775434
                   7750     -0.543284953768337  3.361026734705064e-18  3.361026734705064e-18    0.01456268582625447    0.09588688872114741      0.195314368978895     0.2260501440927724     0.2300509397044956     0.2303152573343785
                   8000    -0.5266993660765372  3.361026734705064e-18  3.361026734705064e-18    0.01385637633805211    0.09105143097764538     0.1849788839966136     0.2139074054197598     0.2176690880490646     0.2179175766806336
                   8250    -0.5110839054144943  3.361026734705064e-18  3.361026734705064e-18    0.01321126137918886    0.08665228953105202     0.1756250157178022     0.2029367227863728     0.2064849032082003     0.2067192616544971
                   8500    -0.4963624313621877  3.361026734705064e-18  3.361026734705064e-18    0.01262010265810897    0.08263552905302399     0.1671244091485777     0.1929820818220297     0.1963385887429711     0.1965602644297856
                   8750    -0.4824653076895301  3.361026734705064e-18  3.361026734705064e-18    0.01207670845975663     0.0789554098481921     0.1593694850327701     0.1839132308036637     0.1870968045297738      0.187307039700021
                   9000    -0.4693290101962411  3.361026734705064e-18  3.361026734705064e-18    0.01157576007380778    0.07557294677655745      0.152269510548565      0.175620696170185     0.1786475328769107     0.1788474008220037
                   9250    -0.4568956738164924  3.361026734705064e-18  3.361026734705064e-18    0.01111266975192793    0.07245474973380515     0.1457475072166952      0.168011888282131     0.1708960713785328     0.1710865051383156
                   9500    -0.4451126220716927  3.361026734705064e-18  3.361026734705064e-18    0.01068346418697815    0.06957208649904092     0.1397378001340471      0.161008034381183     0.1637618795869237     0.1639436948975493
                   9750    -0.4339319045016023  3.361026734705064e-18  3.361026734705064e-18    0.01028468864034653    0.06690012173706063     0.1341840620043455     0.1545417444578022     0.1571760782472248     0.1573499920497894
                  10000    -0.4233098566150539  3.361026734705064e-18  3.361026734705064e-18   0.009913327789845211    0.06441729606775909     0.1290377416163405     0.1485550652922696     0.1510794513833022     0.1512460968729537
                  10250    -0.4132066899074013  3.361026734705064e-18  3.361026734705064e-18   0.009566740143770579    0.06210481697307245     0.1242567930940856     0.1429979139550026     0.1454208389207588     0.1455807778752325
                  10500    -0.4035861151352176  3.361026734705064e-18  3.361026734705064e-18     0.0092426034904418    0.05994623939732571     0.1198046420343468     0.1378268084513286     0.1401558348983868     0.1403095678489114
                  10750    -0.3944149993803728  3.361026734705064e-18  3.361026734705064e-18   0.008938869352021513    0.05792711861038603     0.1156493394251787     0.1330038327014593     0.1352457265110256     0.1353937011884525
                  11000    -0.3856630558678069  3.361026734705064e-18  3.361026734705064e-18   0.008653724809886651    0.05603472155967653     0.1117628653492077     0.1284957875727426     0.1306566242459866     0.1307992426378962
                  11250    -0.3773025646300261  3.361026734705064e-18  3.361026734705064e-18   0.008385560386198455    0.05425778578114834      0.108120552881282     0.1242734905825787     0.1263587446344036      0.126496368915765
                  11500    -0.3693081216806458  3.361026734705064e-18  3.361026734705064e-18    0.00813294291912363    0.05258631715845407     0.1047006089921586     0.1203111951320618     0.1223258156430377     0.1224587731873514
                  11750    -0.3616564142028863  3.361026734705064e-18  3.361026734705064e-18   0.007894592570747646    0.05101141955747145     0.1014837141766919     0.1165861064059135     0.1185345812019212      0.118663168837122
                  12000    -0.3543260192690157  3.361026734705064e-18  3.361026734705064e-18   0.007669363267773508    0.04952515072973238    0.09845268630921078      0.113077975885577     0.1149643863197577     0.1150888739601784
                  12250     -0.347297223713685  3.361026734705064e-18  3.361026734705064e-18   0.007456226004076886    0.04812039995706661     0.0955921971649135     0.1097687601355014     0.1115968280615569     0.1117174618215863
                  12500    -0.3405518629433247  3.361026734705064e-18  3.361026734705064e-18   0.007254254537766847    0.04679078376502262    0.09288853233758992     0.1066423324065121     0.1084154606299655     0.1085324655049004
                  12750    -0.3340731766470184  3.361026734705064e-18  3.361026734705064e-18   0.007062613098835893    0.04553055671357586    0.09032938708251602     0.1036842378536421     0.1054055451088285     0.1055191272925331
                  13000    -0.3278456795640207  3.361026734705064e-18  3.361026734705064e-18   0.006880545790906818    0.04433453481810596    0.08790369203273093     0.1008814849369975     0.1025538362477516     0.1026641851441066
                  13250    -0.3218550456488099  3.361026734705064e-18  3.361026734705064e-18   0.006707367425250179    0.04319802959081272    0.08560146386298369    0.09822236697420557    0.09984840010445657    0.09995569007949549
                  13500    -0.3160880041502209  3.361026734705064e-18  3.361026734705064e-18    0.00654245556971891    0.04211679104524138    0.08341367687358762    0.09569630892552126    0.09727845750398553    0.09738284941749882
                  13750     -0.310532246283718  3.361026734705064e-18  3.361026734705064e-18   0.006385243631549063    0.04108695829197107    0.08133215218599603    0.09329373538136319    0.09483424918586757    0.09493589173470331
                  14000    -0.3051763413239207  3.361026734705064e-18  3.361026734705064e-18   0.006235214822709794    0.04010501658549124    0.07934946182128109     0.0910059564354701    0.09250691924226562    0.09260595014222558
                  14250     -0.300009661077969  3.361026734705064e-18  3.361026734705064e-18   0.006091896880922111    0.03916775987158073    0.07745884540131785     0.0888250687023411    0.09028841404028609    0.09038496106916681
                  14500    -0.2950223118197326  3.361026734705064e-18  3.361026734705064e-18   0.005954857439615214    0.03827225803955834    0.07565413759319209    0.08674386920394525    0.08817139429970071    0.08826557622046249
                  14750    -0.2902050728711128  3.361026734705064e-18  3.361026734705064e-18   0.005823699956758252    0.03741582821125659    0.07392970472796498    0.08475578023023858    0.08614915838632954    0.08624108576643222
                  15000    -0.2855493411108582  3.361026734705064e-18  3.361026734705064e-18   0.005698060126339827    0.03659600950376089    0.07228038927939438      0.082854783588271    0.08421557519919413    0.08430535113970773
                  15250    -0.2810470807745435  3.361026734705064e-18  3.361026734705064e-18   0.005577602707785579    0.03581054079006173    0.07070146109750129    0.08103536290929324    0.08236502529037137    0.08245274607644344
                  15500    -0.2766907779827836  3.361026734705064e-18  3.361026734705064e-18   0.005462018718223473    0.03505734105414004    0.06918857446466269    0.07929245289308617    0.08059234907132458    0.08067810475389972
                  15750    -0.2724733994994399  3.361026734705064e-18  3.361026734705064e-18   0.005351022940564292    0.03433449199734004    0.06773773018509761    0.07762139454226853    0.07889280113715573    0.07897667605442747
                  16000    -0.2683883552785302  3.361026734705064e-18  3.361026734705064e-18   0.005244351707134636     0.0336402226033412    0.06634524203768709    0.07601789558340312    0.07726200988767226    0.07734408313355866
                  16250    -0.2644294644086733  3.361026734705064e-18  3.361026734705064e-18   0.005141760924303739    0.03297289541137439    0.06500770702143115    0.07447799539173212    0.07569594174697721     0.0757762875929089
                  16500    -0.2605909241080134  3.361026734705064e-18  3.361026734705064e-18   0.005043024308364995    0.03233099428294731    0.06372197890603729    0.07299803383669766    0.07419086938593306    0.07426955766139241
                  16750    -0.2568672814613981  3.361026734705064e-18  3.361026734705064e-18   0.004947931807016544     0.0317131134774091    0.06248514467000878     0.0715746235495389    0.07274334343791268    0.07282043987444252
                  17000    -0.2532534076257897  3.361026734705064e-18  3.361026734705064e-18   0.004856288184254099    0.03111794787712966    0.06129450346746942    0.07020462518504779    0.07135016727065274     0.0714257338134372
                  17250    -0.2497444742600146  3.361026734705064e-18  3.361026734705064e-18   0.004767911749443901    0.03054428422466448    0.06014754781471491    0.06888512530930374    0.07000837443810762     0.0700824695287042
                  17500     -0.246335931961543  3.361026734705064e-18  3.361026734705064e-18   0.004682633213866414    0.02999099325265708    0.05904194672963968     0.0676134165957749    0.06871520848790343    0.06878788732125408
                  17750    -0.2430234905164395  3.361026734705064e-18  3.361026734705064e-18   0.004600294660180953      0.029457022602911    0.05797553059302613    0.06638698005509677    0.06746810484386653    0.06753941960232926
                  18000    -0.2398031007893414  3.361026734705064e-18  3.361026734705064e-18   0.004520748612114407    0.02894139044448001    0.05694627753121999    0.06520346906037709    0.06626467452044567    0.06633467458725496
                  18250    -0.2366709380986556  3.361026734705064e-18  3.361026734705064e-18   0.004443857193270786    0.02844317971212752    0.05595230114580993    0.06406069496106034    0.06510268945771584    0.06517142161199277
                  18500    -0.2336233869383699  3.361026734705064e-18  3.361026734705064e-18   0.004369491365332059    0.02796153289639552    0.05499183943828328    0.06295661410507303    0.06398006929292024    0.06404757788810175
                  18750    -0.2306570269222528  3.361026734705064e-18  3.361026734705064e-18   0.004297530237107502    0.02749564732504299    0.05406324479682572    0.06188931611186475    0.06289486940789467    0.06296119653523691
                  19000    -0.2277686198389607  3.361026734705064e-18  3.361026734705064e-18   0.004227860436916169    0.02704477088297059    0.05316497492895768    0.06085701325864796    0.06184527011183287    0.06191045575045478
                  19250    -0.2249550977178922  3.361026734705064e-18  3.361026734705064e-18   0.004160375541678654    0.02660819812411704    0.05229558463795907    0.05985803085911491    0.06082956683618722    0.06089364899095484
                  19500    -0.2222135518156957  3.361026734705064e-18  3.361026734705064e-18   0.004094975556869054    0.02618526673433364    0.05145371835336327    0.05889079852857215    0.05984616123347537    0.05990917606188456
                  19750    -0.2195412224422958  3.361026734705064e-18  3.361026734705064e-18   0.004031566442153349    0.02577535430904423     0.0506381033364903    0.05795384224213421    0.05889355308473129    0.05895553501382037
                  20000    -0.2169354895532847  3.361026734705064e-18  3.361026734705064e-18   0.003970059678129382    0.02537787541367748    0.04984754349126839    0.05704577710363856    0.05797033293159265    0.05803131476580572
                  20250    -0.2143938640426513  3.361026734705064e-18  3.361026734705064e-18   0.003910371870098992     0.0249922788985052    0.04908091371867478    0.05616530075252659    0.05707517535880047    0.05713518837962526
                  20500    -0.2119139796761774  3.361026734705064e-18  3.361026734705064e-18    0.00385242438525415    0.02461804544271049    0.04833715476016926    0.05531118734429067    0.05620683286141469    0.05626590691953218
                  20750     -0.209493585611525  3.361026734705064e-18  3.361026734705064e-18   0.003796143020055086    0.02425468530530116     0.0476152684816526    0.05448228204737717    0.05536413023849188    0.05542229383910048
                  21000    -0.2071305394561256  3.361026734705064e-18  3.361026734705064e-18   0.003741457694926574    0.02390173626293603    0.04691431355487023    0.05367749600581798    0.05454595946148495    0.05460323984339353
                  21250    -0.2048228008185494  3.361026734705064e-18  3.361026734705064e-18   0.003688302173705381    0.02355876171688534    0.04623340149791044    0.05289580172245422    0.05375127497133148    0.05380769818035733
                  21500    -0.2025684253131258  3.361026734705064e-18  3.361026734705064e-18   0.003636613805542307    0.02322534895324474    0.04557169304059906    0.05213622882252732    0.05297908936320877    0.05303468032036314
                  21750    -0.2003655589812662  3.361026734705064e-18  3.361026734705064e-18     0.0035863332872014    0.02290110754219456    0.04492839478425002    0.05139786016173285     0.0522284694223417    0.05228325198723892
                  22000    -0.1982124330962464  3.361026734705064e-18  3.361026734705064e-18   0.003537404443910395    0.02258566786357614    0.04430275612845538    0.05067982824663823    0.05149853247813395    0.05155252950801843
                  22250    -0.1961073593211842  3.361026734705064e-18  3.361026734705064e-18   0.003489774027104025    0.02227867974736404    0.04369406644044507    0.04998131193872724    0.05078844304732162    0.05084167645206949
                  22500    -0.1940487251926287  3.361026734705064e-18  3.361026734705064e-18   0.003443391527568244    0.02197981121877358    0.04310165244506742    0.04930153341630407    0.05009740973987829      0.050149900533297
                  22750    -0.1920349899046031  3.361026734705064e-18  3.361026734705064e-18    0.00339820900264142    0.02168874733877209    0.04252487581567174    0.04863975537112158    0.04942468240408496    0.04947645075180505
                  23000    -0.1900646803701219  3.361026734705064e-18  3.361026734705064e-18   0.003354180916260299    0.02140518913167796     0.0419631309481572    0.04799527841893089    0.04876954948955953    0.04882061475378517
                  23250    -0.1881363875391853  3.361026734705064e-18  3.361026734705064e-18   0.003311263990755985    0.02112885259234533    0.04141584290221101     0.0473674387052242    0.04813133560915282    0.04818171639051425
                  23500    -0.1862487629540381  3.361026734705064e-18  3.361026734705064e-18   0.003269417069410009       0.02085946776616    0.04088246549532722    0.04675560568928481    0.04750939928250089    0.04755911345923019
                  23750    -0.1844005155241027  3.361026734705064e-18  3.361026734705064e-18   0.003228600988874419     0.0205967778957194    0.04036247953659369    0.04615918009130358    0.04690313084569803    0.04695219561033015
                  24000    -0.1825904085044601  3.361026734705064e-18  3.361026734705064e-18   0.003188778460643605    0.02034053862865002    0.03985539118848125    0.04557759198878485    0.04631195051305012    0.04636038240683357
                  24250    -0.1808172566630907  3.361026734705064e-18  3.361026734705064e-18   0.003149913960840859     0.0200905172815345    0.03936073044598462    0.04501029904977612    0.04573530657820261    0.04578312152338895
                  24500    -0.1790799236232937  3.361026734705064e-18  3.361026734705064e-18   0.003111973627650175    0.01984649215538564    0.03887804972346128    0.04445678489162674    0.04517267374313352    0.04521988707329945
                  24750    -0.1773773193688081  3.361026734705064e-18  3.361026734705064e-18   0.003074925165784421    0.01960825189852215    0.03840692254040777    0.04391655755503045    0.04462355156457099    0.04467017805311489
                  25000    -0.1757083979001546  3.361026734705064e-18  3.361026734705064e-18   0.003038737757435584     0.0193755949130764     0.0379469422982169    0.04338914808404851    0.04408746300835437    0.04413351689529726
                  25250    -0.1740721550316398  3.361026734705064e-18  3.361026734705064e-18   0.003003381979201944    0.01914832880170158    0.03749772114067847    0.04287410920365495    0.04356395310312129    0.04360944812033129
                  25500    -0.1724676263192857  3.361026734705064e-18  3.361026734705064e-18   0.002968829724531316    0.01892626985134993    0.03705888889163464    0.04237101408710634    0.04305258768547688    0.04309753708042616
                  25750    -0.1708938851107167  3.361026734705064e-18  3.361026734705064e-18   0.002935054131259589    0.01870924255126762     0.0366300920637859     0.0418794552061234    0.04255295222949913    0.04259736878765547
                  26000    -0.1693500407087237  3.361026734705064e-18  3.361026734705064e-18   0.002902029513859826    0.01849707914260005     0.0362109929331689    0.04139904325748697    0.04206465075406458     0.0421085468200089
                  26250    -0.1678352366408612  3.361026734705064e-18  3.361026734705064e-18   0.002869731300049987    0.01828961919722389    0.03580126867430333    0.04092940616020991    0.04158730480204372    0.04163069229940063
                  26500    -0.1663486490280149  3.361026734705064e-18  3.361026734705064e-18   0.002838135971436944    0.01808670922362593    0.03540061055143489    0.04047018811794748    0.04112055248593088    0.04116344293618977
                  26750    -0.1648894850454063  3.361026734705064e-18  3.361026734705064e-18   0.002807221007901284     0.0178882022978309    0.03500872316168872    0.04002104874176492    0.04066404759493398    0.04070645213523483
                  27000    -0.1634569814699891  3.361026734705064e-18  3.361026734705064e-18   0.002776964835451797     0.0176939577175477    0.03462532372630115    0.03958166222879223    0.04021745875897181    0.04025938815892235
                  27250    -0.1620504033086403  3.361026734705064e-18  3.361026734705064e-18   0.002747346777300727    0.01750384067785342    0.03425014142641563    0.03915171659266931    0.03978046866540541    0.03982193334299249
                  27500    -0.1606690425019544  3.361026734705064e-18  3.361026734705064e-18   0.002718347007930886    0.01731772196687258    0.03388291678021831    0.03873091294202349    0.03935277332467559    0.03939378336132823
                  27750    -0.1593122166988316  3.361026734705064e-18  3.361026734705064e-18   0.002689946509944206    0.01713547768003276    0.03352340105845309    0.03831896480352932     0.0389340813813323    0.03897464653618985
                  28000    -0.1579792680973909  3.361026734705064e-18  3.361026734705064e-18   0.002662127033497881     0.0169569889515916    0.03317135573559295    0.03791559748637929    0.03852411346722587    0.03856424319066108
                  28250    -0.1566695623480646  3.361026734705064e-18  3.361026734705064e-18   0.002634871058149565     0.0167821417022341    0.03282655197416469    0.03752054748524923    0.03812260159388987    0.03816230504033302
                  28500    -0.1553824875150153  3.361026734705064e-18  3.361026734705064e-18    0.00260816175694693    0.01661082640163243    0.03248877013992046      0.037133561919074    0.03772928858138155    0.03776857462148814
                  28750    -0.1541174530922967  3.361026734705064e-18  3.361026734705064e-18   0.002581982962609593    0.01644293784494724    0.03215779934573166    0.03675439800315946    0.03734392752106055     0.0373828047532626
                  29000    -0.1528738890714183  3.361026734705064e-18  3.361026734705064e-18   0.002556319135663122    0.01627837494232806    0.03183343702224582    0.03638282255235085    0.03696628126998348    0.03700475803146126
                  29250    -0.1516512450572128  3.361026734705064e-18  3.361026734705064e-18   0.002531155334395276    0.01611704052054194    0.03151548851349727    0.03601861151315267    0.03659612197477126    0.03663420635187969
                  29500    -0.1504489894291115  3.361026734705064e-18  3.361026734705064e-18   0.002506477186514563    0.01595884113592549    0.03120376669580136    0.03566154952285629    0.03623323062296978    0.03627093046115216
                  29750     -0.149266608545132  3.361026734705064e-18  3.361026734705064e-18   0.002482270862399971      0.015803686897916    0.03089809161838746       0.03531142949388    0.03587739662007532    0.03591471953329363
                  30000    -0.1481036059860603  3.361026734705064e-18  3.361026734705064e-18   0.002458523049838983    0.01565149130247212    0.03059829016434226    0.03496805222165945    0.03552841739053231    0.03556537077024249
                  30250     -0.146959501837484  3.361026734705064e-18  3.361026734705064e-18   0.002435220930158486    0.01550217107474562     0.0303041957305403    0.03463122601455068    0.03518609800113863    0.03522268902483644
                  30500    -0.1458338320074803  3.361026734705064e-18  3.361026734705064e-18   0.002412352155660095    0.01535564602041228    0.03001564792533669    0.03430076634432205    0.03485025080540693    0.03488648644476915
                  30750    -0.1447261475779105  3.361026734705064e-18  3.361026734705064e-18   0.002389904828277699    0.01521183888511255    0.02973249228288545    0.03397649551591459    0.03452069510753895    0.03455658213618228
                  31000    -0.1436360141874076  3.361026734705064e-18  3.361026734705064e-18   0.002367867479381016    0.01507067522149216       0.02945457999303    0.03365824235524604    0.03419725684476525    0.03423280184564448
                  31250    -0.1425630114442652  3.361026734705064e-18  3.361026734705064e-18   0.002346229050654145    0.01493208326336908    0.02918176764578668    0.03334584191392207    0.03387976828689342    0.03391497765935825
                  31500    -0.1415067323675466  3.361026734705064e-18  3.361026734705064e-18   0.002324978875983218    0.01479599380658628     0.0289139169895127    0.03303913518979891    0.03356806775198946     0.0336029477185195
                  31750    -0.1404667828548495  3.361026734705064e-18  3.361026734705064e-18   0.002304106664291729    0.01466234009614103    0.02865089470191317    0.03273796886241628    0.03326199933719396    0.03329655594982843
                  32000    -0.1394427811752512  3.361026734705064e-18  3.361026734705064e-18   0.002283602483266368    0.01453105771920916    0.02839257217310137    0.03244219504238775    0.03296141266374342    0.03299565181022238
                  32250    -0.1384343574860556  3.361026734705064e-18  3.361026734705064e-18   0.002263456743920117    0.01440208450370946    0.02813882529998004    0.03215167103389947    0.03266616263533224    0.03270009004496487
                  32500    -0.1374411533720489  3.361026734705064e-18  3.361026734705064e-18   0.002243660185942891    0.01427536042207725    0.02788953429126301    0.03186625910952609    0.03237610920901037     0.0324097304582841
                  32750    -0.1364628214060492  3.361026734705064e-18  3.361026734705064e-18   0.002224203863793416    0.01415082749993852    0.02764458348250121     0.0315858262966275    0.03209111717786622    0.03212443769581102
                  33000    -0.1354990247296111  3.361026734705064e-18  3.361026734705064e-18   0.002205079133489069    0.01402842972939672    0.02740386116052137    0.03131024417463834     0.0318110559647955    0.03184408103811538
                  33250    -0.1345494366528147  3.361026734705064e-18  3.361026734705064e-18   0.002186277640053273    0.01390811298666358    0.02716725939672449    0.03103938868261042    0.03153579942670322    0.03156853420468723
                  33500    -0.1336137402721305  3.361026734705064e-18  3.361026734705064e-18   0.002167791305582701    0.01378982495378267    0.02693467388872835    0.03077313993640863    0.03126522566853009    0.03129767516775413
                  33750    -0.1326916281054176  3.361026734705064e-18  3.361026734705064e-18   0.002149612317898953     0.0136735150442112    0.02670600380987185    0.03051138205500227    0.03099921686653429    0.03103138597536419
                  34000    -0.1317828017431635  3.361026734705064e-18  3.361026734705064e-18   0.002131733119751701    0.01355913433204052    0.02648115166613084     0.0302540029953292    0.03073765910029698    0.03076955258320261
                  34250    -0.1308869715151286  3.361026734705064e-18  3.361026734705064e-18   0.002114146398542347    0.01344663548464996    0.02626002316002431    0.03000089439524416    0.03048044219295437    0.03051206469464459
                  34500    -0.1300038561716051  3.361026734705064e-18  3.361026734705064e-18   0.002096845076539256    0.01333597269860199    0.02604252706111641     0.0297519514240952    0.03022745955919152     0.0302588156085785
                  34750    -0.1291331825785517  3.361026734705064e-18  3.361026734705064e-18    0.00207982230155741    0.01322710163859829    0.02582857508274547    0.02950707264049949    0.02997860806056231    0.03000970207456378
                  35000       -0.1282746854259  3.361026734705064e-18  3.361026734705064e-18   0.002063071438077039     0.0131199793793283    0.02561808176463429    0.02926615985691903    0.02973378786772815    0.02976462415491526
                  35250    -0.1274281069483744  3.361026734705064e-18  3.361026734705064e-18   0.002046586058777367    0.01301456435005187    0.02541096436105774    0.02902911801065996    0.02949290232923321    0.02952348509333162
                  35500    -0.1265931966582051  3.361026734705064e-18  3.361026734705064e-18   0.002030359936463066    0.01291081628176765    0.02520714273426371    0.02879585504094423    0.02925585784645811    0.02928619118970914
                  35750    -0.1257697110891431  3.361026734705064e-18  3.361026734705064e-18   0.002014387036362396    0.01280869615682787    0.02500653925286275    0.02856628177172342    0.02902256375441611    0.02905265168080474
                  36000    -0.1249574135512267  3.361026734705064e-18  3.361026734705064e-18    0.00199866150877724    0.01270816616086868    0.02480907869491845    0.02834031179992465    0.02879293220807649    0.02882277862643243
                  36250    -0.1241560738957731  3.361026734705064e-18  3.361026734705064e-18   0.001983177682066528    0.01260918963693322    0.02461468815548788    0.02811786138883805    0.02856687807391923    0.02859648680089695
                  36500    -0.1233654682901031  3.361026734705064e-18  3.361026734705064e-18   0.001967930055945517    0.01251173104167184    0.02442329695837567    0.02789884936637246    0.02834431882644263    0.02837369358938602
                  36750    -0.1225853790015296  3.361026734705064e-18  3.361026734705064e-18   0.001952913295084541    0.01241575590351083    0.02423483657187998    0.02768319702792247    0.02812517444936296    0.02815431888905984
                  37000    -0.1218155941901695  3.361026734705064e-18  3.361026734705064e-18   0.001938122222991788    0.01232123078268747    0.02404924052832197    0.02747082804360542    0.02790936734126002    0.02793828501459167
                  37250    -0.1210559077101592  3.361026734705064e-18  3.361026734705064e-18   0.001923551816165494    0.01222812323305535    0.02386644434716218    0.02726166836964125    0.02769682222543757    0.02772551660792786
                  37500      -0.12030611891888  3.361026734705064e-18  3.361026734705064e-18   0.001909197198501894      0.012136401765569    0.02368638546151923    0.02705564616366133    0.02748746606378128       0.02751594055205
                  37750    -0.1195660324938188  3.361026734705064e-18  3.361026734705064e-18   0.001895053635945988    0.01204603581336301    0.02350900314791687    0.02685269170374508    0.02728122797440891    0.02730948588853369
                  38000    -0.1188354582567088  3.361026734705064e-18  3.361026734705064e-18   0.001881116531372928    0.01195699569834473    0.02333423845909551    0.02665273731099452    0.02707803915292025    0.02710608373871099
                  38250    -0.1181142110046143  3.361026734705064e-18  3.361026734705064e-18   0.001867381419688564    0.01186925259922512    0.02316203415973367    0.02645571727546845    0.02687783279706478    0.02690566722825432
                  38500    -0.1174021103476434  3.361026734705064e-18  3.361026734705064e-18   0.001853843963138289    0.01178277852091584    0.02299233466493356    0.02626156778530756    0.02668054403465539    0.02670817141501045
                  38750    -0.1166989805529837  3.361026734705064e-18  3.361026734705064e-18   0.001840499946813937    0.01169754626522547    0.02282508598133384    0.02607022685889156    0.02648610985456699    0.02651353321992237
                  39000    -0.1160046503949786  3.361026734705064e-18  3.361026734705064e-18   0.001827345274349096     0.0116135294027908    0.02266023565071937    0.02588163427987834     0.0262944690406668    0.02632169136088665
                  39250    -0.1153189530109694  3.361026734705064e-18  3.361026734705064e-18    0.00181437596379369    0.01153070224618322     0.0224977326960058    0.02569573153498383    0.02610556210853292    0.02613258628940171
                  39500    -0.1146417257626491  3.361026734705064e-18  3.361026734705064e-18     0.0018015881436592    0.01144903982413322    0.02233752756948343    0.02551246175436875    0.02591933124482469    0.02594616012987119
                  39750    -0.1139728101026794  3.361026734705064e-18  3.361026734705064e-18    0.00178897804912636    0.01136851785681942    0.02217957210321093    0.02533176965450593    0.02573572024917659    0.02576235662143365
                  40000    -0.1133120514463439  3.361026734705064e-18  3.361026734705064e-18   0.001776542018407626    0.01128911273217103    0.02202381946145578    0.02515360148340895    0.02555467447849424    0.02558112106219685
                  40250    -0.1126592990480116  3.361026734705064e-18  3.361026734705064e-18   0.001764276489257109    0.01121080148313603    0.02187022409508375    0.02497790496810915    0.02537614079353745    0.02540240025576196
                  40500    -0.1120144058822057  3.361026734705064e-18  3.361026734705064e-18   0.001752177995621045    0.01113356176586923    0.02171874169780502    0.02480462926427454    0.02520006750768215    0.02522614245992877
                  40750    -0.1113772285290758  3.361026734705064e-18  3.361026734705064e-18    0.00174024316442228    0.01105737183879747    0.02156932916418961    0.02463372490786912    0.02502640433775793    0.02505229733747906
                  41000    -0.1107476270640849  3.361026734705064e-18  3.361026734705064e-18   0.001728468712472563    0.01098221054252087    0.02142194454936939    0.02446514376875746    0.02485510235686436    0.02488081590894085
                  41250     -0.110125464951732  3.361026734705064e-18  3.361026734705064e-18   0.001716851443506764    0.01090805728051179     0.0212765470303482    0.02429883900616398    0.02468611394907367    0.02471165050724128
                  41500    -0.1095106089431375  3.361026734705064e-18  3.361026734705064e-18    0.00170538824533346    0.01083489200057471    0.02113309686884592    0.02413476502590081    0.02451939276593292    0.02454475473416061
                  41750    -0.1089029289773287  3.361026734705064e-18  3.361026734705064e-18   0.001694076087096597     0.0107626951770324    0.02099155537560625    0.02397287743928347    0.02435489368468241    0.02438008341850486
                  42000    -0.1083022980860714  3.361026734705064e-18  3.361026734705064e-18   0.001682912016643232    0.01069144779360541    0.02085188487610123    0.02381313302365702    0.02419257276811268    0.02421759257591846
                  42250    -0.1077085923020981  3.361026734705064e-18  3.361026734705064e-18   0.001671893157992598    0.01062113132695383     0.0207140486775697    0.02365548968445964    0.02403238722598516     0.0240572393702626
                  42500    -0.1071216905705925  3.361026734705064e-18  3.361026734705064e-18   0.001661016708901969     0.0105517277308514    0.02057801103732904    0.02349990641875459    0.02387429537794641    0.02389898207648857
                  42750     -0.106541474663797  3.361026734705064e-18  3.361026734705064e-18    0.00165027993852506    0.01048321942096418    0.02044373713230409    0.02334634328016474    0.02371825661786881    0.02374278004493935
                  43000    -0.1059678290986133  3.361026734705064e-18  3.361026734705064e-18    0.00163968018515888    0.01041558926020682    0.02031119302971833    0.02319476134514686    0.02356423137955431     0.0235885936670157
                  43250    -0.1054006410570768  3.361026734705064e-18  3.361026734705064e-18   0.001629214854075173     0.0103488205446512    0.02018034565889676    0.02304512268054712    0.02341218110374107    0.02343638434214644
                  43500    -0.1048398003095857  3.361026734705064e-18  3.361026734705064e-18   0.001618881415432784    0.01028289698996329    0.02005116278413109    0.02289739031238083    0.02326206820635538    0.02328611444600573
                  43750     -0.104285199140776  3.361026734705064e-18  3.361026734705064e-18   0.001608677402267443     0.0102178027183453    0.01992361297856133    0.02275152819578343    0.02311385604795492    0.02313774729992265
                  44000    -0.1037367322779354  3.361026734705064e-18  3.361026734705064e-18   0.001598600408555642    0.01015352224596141    0.01979766559902948    0.02260750118608164    0.02296750890431118    0.02299124714143148
                  44250    -0.1031942968218558  3.361026734705064e-18  3.361026734705064e-18   0.001588648087349466    0.01009004047082616    0.01967329076186367     0.0224652750109365    0.02282299193808223    0.02284657909591333
                  44500    -0.1026577921800268  3.361026734705064e-18  3.361026734705064e-18   0.001578818148979346    0.01002734266113618    0.01955045931955269    0.02232481624351233     0.0226802711715289    0.02270370914928257
                  44750    -0.1021271200020793  3.361026734705064e-18  3.361026734705064e-18   0.001569108359321876   0.009965414444026018    0.01942914283827312     0.0221860922766279    0.02253931346022994      0.022562604121673
                  45000    -0.1016021841173904  3.361026734705064e-18  3.361026734705064e-18   0.001559516538129992   0.009904241794730604    0.01930931357623296    0.02204907129784812    0.02240008646775371    0.02242323164208205
                  45250    -0.1010828904747657  3.361026734705064e-18  3.361026734705064e-18   0.001550040557422863   0.009843811026137026    0.01919094446279747    0.02191372226547685    0.02226255864124633    0.02228556012393208
                  45500    -0.1005691470841188  3.361026734705064e-18  3.361026734705064e-18   0.001540678339933087   0.009784108778709746    0.01907400907836446    0.02178001488541267    0.02212669918789769    0.02214955874151067
                  45750    -0.1000608639600709  3.361026734705064e-18  3.361026734705064e-18   0.001531427857608773    0.00972512201077348    0.01895848163495794    0.02164791958883224    0.02199247805224887    0.02201519740725333
                  46000   -0.09955795306739738  3.361026734705064e-18  3.361026734705064e-18   0.001522287130168303    0.00966683798913927    0.01884433695751033    0.02151740751066653    0.02185986589430614     0.0218824467498335
                  46250   -0.09906032826825061  3.361026734705064e-18  3.361026734705064e-18   0.001513254223705612   0.009609244280059673    0.01873155046580512    0.02138845046883752    0.02172883406842833    0.02175127809302689
                  46500    -0.0985679052710921  3.361026734705064e-18  3.361026734705064e-18   0.001504327249343935   0.009552328740499593    0.01862009815705271    0.02126102094422434    0.02159935460295597    0.02162166343531835
                  46750   -0.09808060158126956  3.361026734705064e-18  3.361026734705064e-18    0.00149550436193609   0.009496079509710128    0.01850995658907428    0.02113509206132893    0.02147140018055188    0.02149357543022112
                  47000   -0.09759833645317732  3.361026734705064e-18  3.361026734705064e-18    0.00148678375880943   0.009440485001093124    0.01840110286406822    0.02101063756961311    0.02134494411922477    0.02136698736727954
                  47250    -0.0971210308439408  3.361026734705064e-18  3.361026734705064e-18   0.001478163678553662    0.00938553389434498    0.01829351461293686     0.0208876318254801    0.02121996035400789    0.02124187315372789
                  47500   -0.09664860736856938  3.361026734705064e-18  3.361026734705064e-18   0.001469642399849875   0.009331215127868464    0.01818716998015012    0.02076604977487458    0.02109642341926695    0.02111820729677895
                  47750   -0.09618099025652294  3.361026734705064e-18  3.361026734705064e-18   0.001461218240339131   0.009277517891441997    0.01808204760912529    0.02064586693647672    0.02097430843161216    0.02099596488651746
                  48000   -0.09571810530963999  3.361026734705064e-18  3.361026734705064e-18   0.001452889555529071   0.009224431619136362     0.0179781266281026    0.02052705938546696    0.02085359107339041    0.02087512157937423
                  48250   -0.09525987986137892  3.361026734705064e-18  3.361026734705064e-18   0.001444654737737073   0.009171945982469008    0.01787538663649677    0.02040960373783862    0.02073424757673482    0.02075565358215853
                  48500   -0.09480624273732312  3.361026734705064e-18  3.361026734705064e-18   0.001436512215068527   0.009120050883786906    0.01777380769170631    0.02029347713523725    0.02061625470814999    0.02063753763662634
                  48750   -0.09435712421690609  3.361026734705064e-18  3.361026734705064e-18   0.001428460450428894    0.00906873644986895    0.01767337029636254    0.02017865723030631    0.02049958975361194    0.02052075100456419
                  49000   -0.09391245599631126  3.361026734705064e-18  3.361026734705064e-18   0.001420497940568233    0.00901799302573961    0.01757405538600148    0.02006512217251927    0.02038423050416291    0.02040527145336826
                  49250   -0.09347217115250578  3.361026734705064e-18  3.361026734705064e-18   0.001412623215156993   0.008967811168685638    0.01747584431714236    0.01995285059447981    0.02027015524198196    0.02029107724209987
                  49500   -0.09303620410836666  3.361026734705064e-18  3.361026734705064e-18   0.001404834835891843   0.008918181642468189    0.01737871885575721     0.0198418215986718    0.02015734272691333    0.02017814710799915
                  49750    -0.0926044905988626  3.361026734705064e-18  3.361026734705064e-18   0.001397131395630448   0.008869095411722917    0.01728266116611644    0.01973201474464228    0.02004577218343465     0.0200664602534392
                  50000   -0.09217696763825206  3.361026734705064e-18  3.361026734705064e-18   0.001389511517554084   0.008820543636541013    0.01718765379999679    0.01962341003660088    0.01993542328804909    0.01995599633330438
                  50250   -0.09175357348826414  3.361026734705064e-18  3.361026734705064e-18   0.001381973854357057   0.008772517667224335    0.01709367968623727    0.01951598791142009     0.0198262761570848    0.01984673544277661
                  50500   -0.09133424762722626  3.361026734705064e-18  3.361026734705064e-18   0.001374517087461932   0.008725009039208323    0.01700072212063064    0.01940972922702131    0.01971831133488676    0.01973865810551447
                  50750    -0.0909189307201075  3.361026734705064e-18  3.361026734705064e-18   0.001367139926259637   0.008678009468146187    0.01690876475613776    0.01930461525113229     0.0196115097823864    0.01963174526221028
                  51000   -0.09050756458944452  3.361026734705064e-18  3.361026734705064e-18   0.001359841107373489   0.008631510845148811    0.01681779159341277    0.01920062765040229    0.01950585286603485    0.01952597825951139
                  51250   -0.09010009218712134  3.361026734705064e-18  3.361026734705064e-18   0.001352619393946323   0.008585505232174242    0.01672778697162777    0.01909774847986168    0.01940132234708646    0.01942133883929211
                  51500   -0.08969645756697203  3.361026734705064e-18  3.361026734705064e-18   0.001345473574949825    0.00853998485756173    0.01663873555958616     0.0189959601727135    0.01929790037121981    0.01931780912826352
                  51750   -0.08929660585818006  3.361026734705064e-18  3.361026734705064e-18   0.001338402464515327   0.008494942111704727    0.01655062234711366    0.01889524553044451    0.01919556945848386    0.01921537162790858
                  52000   -0.08890048323944667  3.361026734705064e-18  3.361026734705064e-18   0.001331404901285237   0.008450369542858048    0.01646343263671752    0.01879558771324464     0.0190943124935574    0.01911400920473118
                  52250   -0.08850803691390204  3.361026734705064e-18  3.361026734705064e-18   0.001324479747784404   0.008406259853074288    0.01637715203550384    0.01869697023072335    0.01899411271631054    0.01901370508080735
                  52500   -0.08811921508473482  3.361026734705064e-18  3.361026734705064e-18     0.0013176258898107   0.008362605894264852      0.016291766447344    0.01859937693291226    0.01889495371265738    0.01891444282462797
                  52750   -0.08773396693151651  3.361026734705064e-18  3.361026734705064e-18    0.00131084223584412   0.008319400664381268    0.01620726206528104    0.01850279200154401    0.01879681940568932    0.01881620634222258
                  53000   -0.08735224258719669  3.361026734705064e-18  3.361026734705064e-18    0.00130412771647377    0.00827663730371244    0.01612362536416768    0.01840719994159723    0.01869969404707926    0.01871897986855425
                  53250   -0.08697399311574744  3.361026734705064e-18  3.361026734705064e-18   0.001297481283842105   0.008234309091293782    0.01604084309352773    0.01831258557309864    0.01860356220874699    0.01862274795917591
                  53500   -0.08659917049043649  3.361026734705064e-18  3.361026734705064e-18   0.001290901911105824   0.008192409441424317    0.01595890227063306     0.0182189340231727    0.01850840877477641    0.01852749548213887
                  53750   -0.08622772757270644  3.361026734705064e-18  3.361026734705064e-18    0.00128438859191282   0.008150931900287987     0.0158777901737885    0.01812623071833044    0.01841421893357608    0.01843320761014493
                  54000     -0.085859618091643  3.361026734705064e-18  3.361026734705064e-18   0.001277940339894665   0.008109870142675578    0.01579749433581743    0.01803446137698923    0.01832097817027433    0.01833986981293321
                  54250   -0.08549479662401065  3.361026734705064e-18  3.361026734705064e-18   0.001271556188174066   0.008069217968803756    0.01571800253774129    0.01794361200221523    0.01822867225934097    0.01824746784989394
                  54500   -0.08513321857483949  3.361026734705064e-18  3.361026734705064e-18   0.001265235188886796   0.008028969301227847    0.01563930280264616    0.01785366887468094    0.01813728725742759    0.01815598776290103
                  54750     -0.084774840158544  3.361026734705064e-18  3.361026734705064e-18   0.001258976412717605   0.007989118181845238    0.01556138338972985    0.01776461854583046    0.01804680949641933    0.01806541586935618
                  55000   -0.08441961838055791  3.361026734705064e-18  3.361026734705064e-18   0.001252778948449624   0.007949658768986271     0.0154842327885238    0.01767644783124533    0.01795722557669019    0.01797573875543718
                  55250   -0.08406751101946848  3.361026734705064e-18  3.361026734705064e-18   0.001246641902526835   0.007910585334589689    0.01540783971328335    0.01758914380420426    0.01786852236055581    0.01788694326954342
                  55500   -0.08371847660963362  3.361026734705064e-18  3.361026734705064e-18   0.001240564398629132   0.007871892261459719     0.0153321930975409    0.01750269378942987    0.01778068696591624    0.01779901651593198
                  55750   -0.08337247442426778  3.361026734705064e-18  3.361026734705064e-18   0.001234545577259583   0.007833574040602176    0.01525728208881657     0.0174170853570166    0.01769370676008301    0.01771194584853773
                  56000   -0.08302946445898103  3.361026734705064e-18  3.361026734705064e-18   0.001228584595343477     0.0077956252686368    0.01518309604348089    0.01733230631653319    0.01760756935378355     0.0176257188649717
                  56250   -0.08268940741575796  3.361026734705064e-18  3.361026734705064e-18   0.001222680625838751    0.00775804064528346    0.01510962452176459    0.01724834471129439    0.01752226259533785    0.01754032340069112
                  56500   -0.08235226468736186  3.361026734705064e-18  3.361026734705064e-18   0.001216832857357451   0.007720814970919655    0.01503685728291054    0.01716518881279585      0.017437774565001    0.01745574752333608
                  56750   -0.08201799834215191  3.361026734705064e-18  3.361026734705064e-18   0.001211040493797842   0.007683943144206988    0.01496478428046315    0.01708282711530723    0.01735409356946638    0.01737197952722663
                  57000   -0.08168657110929994  3.361026734705064e-18  3.361026734705064e-18   0.001205302753986826   0.007647420159784413    0.01489339565769077    0.01700124833061775    0.01727120813652431    0.01728900792801581
                  57250   -0.08135794636439521  3.361026734705064e-18  3.361026734705064e-18   0.001199618871332338   0.007611241106026036    0.01482268174313664    0.01692044138292997    0.01718910700987076    0.01720682145749274
                  57500   -0.08103208811542423  3.361026734705064e-18  3.361026734705064e-18   0.001193988093485387   0.007575401162861351    0.01475263304629429    0.01684039540389608    0.01710777914406162    0.01712540905853141
                  57750   -0.08070896098911602  3.361026734705064e-18  3.361026734705064e-18   0.001188409682011444   0.007539895599655969    0.01468324025340329    0.01676109972779279    0.01702721369960746     0.0170447598801802
                  58000   -0.08038853021763967  3.361026734705064e-18  3.361026734705064e-18   0.001182882912070871   0.007504719773150776     0.0146144942233615    0.01668254388682997    0.01694740003820439     0.0169648632728876
                  58250    -0.0800707616256455  3.361026734705064e-18  3.361026734705064e-18   0.001177407072108103   0.007469869125457807    0.01454638598375009    0.01660471760658879    0.01686832771809666    0.01688570878385978
                  58500   -0.07975562161763797  3.361026734705064e-18  3.361026734705064e-18   0.001171981463549294   0.007435339182110878    0.01447890672696766    0.01652761080158535    0.01678998648956668    0.01680728615254591
                  58750   -0.07944307716567178  3.361026734705064e-18  3.361026734705064e-18   0.001166605400508188   0.007401125550169343    0.01441204780647007    0.01645121357095566    0.01671236629054861    0.01672958530624679
                  59000   -0.07913309579735993  3.361026734705064e-18  3.361026734705064e-18   0.001161278209499921   0.007367223916373214    0.01434580073311256    0.01637551619425805    0.01663545724236128    0.01665259635584343
                  59250   -0.07882564558418655  3.361026734705064e-18  3.361026734705064e-18   0.001155999229162538   0.007333630045348144    0.01428015717159095    0.01630050912738963    0.01655924964555693    0.01657630959164116
                  59500   -0.07852069513011363  3.361026734705064e-18  3.361026734705064e-18   0.001150767809985952   0.007300339777858565    0.01421510893697884    0.01622618299861279    0.01648373397588201    0.01650071547932618
                  59750   -0.07821821356047415  3.361026734705064e-18  3.361026734705064e-18   0.001145583314048149   0.007267349029107605     0.0141506479913578    0.01615252860468865    0.01640890088034659    0.01642580465603072
                  60000    -0.0779181705111429  3.361026734705064e-18  3.361026734705064e-18   0.001140445114758382   0.007234653787082283    0.01408676644053753    0.01607953690711381    0.01633474117339899    0.01635156792650349
                  60250    -0.0776205361179766  3.361026734705064e-18  3.361026734705064e-18   0.001135352596607164    0.00720225011094255    0.01402345653086345    0.01600719902845752     0.0162612458332022    0.01627799625938218
                  60500   -0.07732528100651638  3.361026734705064e-18  3.361026734705064e-18   0.001130305154922828   0.007170134129452906    0.01396071064610879    0.01593550624879593    0.01618840599800916    0.01620508078356495
                  60750   -0.07703237628194408  3.361026734705064e-18  3.361026734705064e-18   0.001125302195634477   0.007138302039455223    0.01389852130444866    0.01586445000224045    0.01611621296263382    0.01613281278467748
                  61000   -0.07674179351928558  3.361026734705064e-18  3.361026734705064e-18   0.001120343135041119   0.007106750104381532    0.01383688115551368    0.01579402187355754    0.01604465817501498    0.01606118370163327
                  61250   -0.07645350475385382  3.361026734705064e-18  3.361026734705064e-18   0.001115427399586797   0.007075474652805589    0.01377578297752054    0.01572421359487684    0.01597373323287007    0.01599018512328379
                  61500   -0.07616748247192531  3.361026734705064e-18  3.361026734705064e-18   0.001110554425641531   0.007044472077032007    0.01371521967447747    0.01565501704248517    0.01590342988043613    0.01591980878515601
                  61750   -0.07588369960164269  3.361026734705064e-18  3.361026734705064e-18   0.001105723659287912   0.007013738831721863    0.01365518427346192     0.0155864242337038     0.0158337400052955    0.01585004656627459
                  62000   -0.07560212950413728  3.361026734705064e-18  3.361026734705064e-18   0.001100934556113168   0.006983271432553642    0.01359566992196879    0.01551842732384634    0.01576465563528351    0.01578089048606633
                  62250   -0.07532274596486577  3.361026734705064e-18  3.361026734705064e-18   0.001096186581006532   0.006953066454918521    0.01353666988532664    0.01545101860325497     0.0156961689354757    0.01571233270134414
                  62500    -0.0750455231851543  3.361026734705064e-18  3.361026734705064e-18   0.001091479207961777   0.006923120532648906     0.0134781775441801     0.0153841904944126    0.01562827220525235    0.01564436550336843
                  62750    -0.0747704357739447  3.361026734705064e-18  3.361026734705064e-18   0.001086811919884745   0.006893430356779277     0.0134201863920365    0.01531793554912874    0.01556095787543788    0.01557698131498344
                  63000   -0.07449745873973758  3.361026734705064e-18  3.361026734705064e-18   0.001082184208405732   0.006863992674338406    0.01336269003287481    0.01525224644579685    0.01549421850551292    0.01551017268782637
                  63250   -0.07422656748272562  3.361026734705064e-18  3.361026734705064e-18   0.001077595573696587   0.006834804287171987    0.01330568217881485    0.01518711598672113    0.01542804678089709    0.01544393229960712
                  63500   -0.07395773778711294  3.361026734705064e-18  3.361026734705064e-18    0.00107304552429238   0.006805862050794792    0.01324915664784538    0.01512253709551064    0.01536243551030001    0.01537825295145662
                  63750   -0.07369094581361527  3.361026734705064e-18  3.361026734705064e-18   0.001068533576917527    0.00677716287327153    0.01319310736160906    0.01505850281453884    0.01529737762313901    0.01531312756534167
                  64000   -0.07342616809213513  3.361026734705064e-18  3.361026734705064e-18   0.001064059256316207   0.006748703714125548    0.01313752834324265    0.01499500630246658    0.01523286616702128    0.01524854918154446
                  64250   -0.07316338151460856  3.361026734705064e-18  3.361026734705064e-18   0.001059622095086991   0.006720481583274561    0.01308241371527108    0.01493204083182683    0.01516889430528872    0.01518451095620473
                  64500   -0.07290256332801744  3.361026734705064e-18  3.361026734705064e-18   0.001055221633521531   0.006692493539992673    0.01302775769755346    0.01486959978666914    0.01510545531462366      0.015121006158923
                  64750   -0.07264369112756398  3.361026734705064e-18  3.361026734705064e-18   0.001050857419447194   0.006664736691897897    0.01297355460527994    0.01480767666026235    0.01504254258271371    0.01505802817042281
                  65000   -0.07238674285000238  3.361026734705064e-18  3.361026734705064e-18   0.001046529008073555   0.006637208193964449    0.01291979884701759    0.01474626505285378    0.01498014960597389    0.01499557048027061
                  65250   -0.07213169676712348  3.361026734705064e-18  3.361026734705064e-18    0.00104223596184261   0.006609905247559151    0.01286648492280426    0.01468535866948325    0.01491826998732481    0.01493362668465133
                  65500    -0.0718785314793888  3.361026734705064e-18  3.361026734705064e-18   0.001037977850282614   0.006582825099501219    0.01281360742228876     0.0146249513178504    0.01485689743402474    0.01487219048419831
                  65750   -0.07162722590970895  3.361026734705064e-18  3.361026734705064e-18   0.001033754249865458     0.0065559650411448    0.01276116102291615    0.01456503690623381    0.01479602575555459    0.01481125568187594
                  66000   -0.07137775929736426  3.361026734705064e-18  3.361026734705064e-18   0.001029564743867452   0.006529322407483588    0.01270914048815707    0.01450560944146054     0.0147356488615539    0.01475081618091344
                  66250   -0.07113011119206213  3.361026734705064e-18  3.361026734705064e-18   0.001025408922233463   0.006502894576276974    0.01265754066577943    0.01444666302692452    0.01467576075980669    0.01469086598278858
                  66500   -0.07088426144812819  3.361026734705064e-18  3.361026734705064e-18   0.001021286381444266   0.006476678967197023    0.01260635648616177    0.01438819186065246     0.0146163555542755    0.01463139918525965
                  66750   -0.07064019021882841  3.361026734705064e-18  3.361026734705064e-18   0.001017196724387066   0.006450673040995798     0.0125555829606468    0.01433019023341616    0.01455742744318261    0.01457240998044455
                  67000   -0.07039787795081735  3.361026734705064e-18  3.361026734705064e-18   0.001013139560229063   0.006424874298692422    0.01250521517993409    0.01427265252688955    0.01449897071713687    0.01451389265294571
                  67250   -0.07015730537871125  3.361026734705064e-18  3.361026734705064e-18   0.001009114504294015   0.006399280280779333    0.01245524831251092    0.01421557321184964     0.0144409797573049     0.0144558415780193
                  67500   -0.06991845351977992  3.361026734705064e-18  3.361026734705064e-18   0.001005121177941675   0.006373888566447224    0.01240567760312006     0.0141589468464198    0.01438344903362567    0.01439825121978784
                  67750   -0.06968130366875733  3.361026734705064e-18  3.361026734705064e-18   0.001001159208450065   0.006348696772828155    0.01235649837126373    0.01410276807435458     0.0143263731030669    0.01434111612949487
                  68000   -0.06944583739276586  3.361026734705064e-18  3.361026734705064e-18  0.0009972282289004849   0.006323702554256306    0.01230770600974246    0.01404703162336452     0.0142697466079225    0.01428443094380044
                  68250   -0.06921203652635186  3.361026734705064e-18  3.361026734705064e-18  0.0009933278780651792    0.00629890360154596    0.01225929598322806    0.01399173230348024     0.0142135642741497    0.01422819038311657
                  68500   -0.06897988316663003  3.361026734705064e-18  3.361026734705064e-18  0.0009894578002976142   0.006274297641286202    0.01221126382686984    0.01393686500545448    0.01415782090974485    0.01417238924998125
                  68750   -0.06874935966853345  3.361026734705064e-18  3.361026734705064e-18  0.0009856176454252677   0.006249882435151882    0.01216360514493301    0.01388242469920127    0.01410251140315694     0.0141170224274703
                  69000   -0.06852044864016607  3.361026734705064e-18  3.361026734705064e-18  0.0009818070686448924   0.006225655779230447    0.01211631560946851    0.01382840643227106    0.01404763072173763    0.01406208487764578
                  69250   -0.06829313293825734  3.361026734705064e-18  3.361026734705064e-18  0.0009780257304201495   0.006201615503364158    0.01206939095901344    0.01377480532836095    0.01399317391022707    0.01400757164004006
                  69500   -0.06806739566371259  3.361026734705064e-18  3.361026734705064e-18  0.0009742732963815962   0.006177759470507353    0.01202282699732118      0.013721616585859    0.01393913608927427    0.01395347783017481
                  69750   -0.06784322015726028  3.361026734705064e-18  3.361026734705064e-18  0.0009705494372289232   0.006154085576098299    0.01197661959212048     0.0136688354764218    0.01388551245399137    0.01389979863811356
                  70000   -0.06762058999519224  3.361026734705064e-18  3.361026734705064e-18  0.0009668538286354102   0.006130591747445269    0.01193076467390279    0.01361645734358443    0.01383229827254065    0.01384652932704732
                  70250   -0.06739948898519407  3.361026734705064e-18  3.361026734705064e-18  0.0009631861511545243   0.006107275943126511    0.01188525823473694    0.01356447760140182    0.01377948888475374    0.01379366523191223
                  70500   -0.06717990116226479  3.361026734705064e-18  3.361026734705064e-18  0.0009595460901286202   0.006084136152403634    0.01184009632711066     0.0135128917331208    0.01372707970078174    0.01374120175803833
                  70750    -0.0669618107847221  3.361026734705064e-18  3.361026734705064e-18  0.0009559333355996725   0.006061170394648188    0.01179527506279803    0.01346169528988204    0.01367506619977599    0.01368913437982882
                  71000   -0.06674520233029244  3.361026734705064e-18  3.361026734705064e-18  0.0009523475822219984   0.006038376718781028    0.01175079061175232    0.01341088388945106    0.01362344392859814    0.01363745863946884
                  71250   -0.06653006049228288  3.361026734705064e-18  3.361026734705064e-18  0.0009487885291769188   0.006015753202724146    0.01170663920102351    0.01336045321497748    0.01357220850055911    0.01358617014566309
                  71500     -0.066316370175833  3.361026734705064e-18  3.361026734705064e-18  0.0009452558800892969   0.005993297952864621    0.01166281711369987      0.013310399013782    0.01352135559418617    0.01353526457240151
                  71750    -0.0661041164942454  3.361026734705064e-18  3.361026734705064e-18  0.0009417493429459224    0.00597100910353041    0.01161932068787295    0.01326071709617013     0.0134708809520172    0.01348473765775236
                  72000   -0.06589328476539204  3.361026734705064e-18  3.361026734705064e-18  0.0009382686300156773   0.005948884816477696    0.01157614631562543    0.01321140333427218    0.01342078037942164    0.01343458520268185
                  72250     -0.065683860508195  3.361026734705064e-18  3.361026734705064e-18  0.0009348134577714539   0.005926923280389422    0.01153329044204113    0.01316245366090869    0.01337104974344739    0.01338480306989985
                  72500   -0.06547582943918041  3.361026734705064e-18  3.361026734705064e-18  0.0009313835468137705   0.005905122710384815    0.01149074956423679    0.01311386406848081    0.01332168497169291    0.01333538718273076
                  72750   -0.06526917746910252  3.361026734705064e-18  3.361026734705064e-18  0.0009279786217960405   0.005883481347539543    0.01144852023041495    0.01306563060788487    0.01327268205120406    0.01328633352400919
                  73000   -0.06506389069963753  3.361026734705064e-18  3.361026734705064e-18  0.0009245984113514648   0.005861997458416295    0.01140659903893738    0.01301774938745052    0.01322403702739483    0.01323763813499953
                  73250   -0.06485995542014457  3.361026734705064e-18  3.361026734705064e-18  0.0009212426480214909    0.00584066933460549    0.01136498263741859    0.01297021657190195     0.0131757460029915    0.01318929711433905
                  73500   -0.06465735810449254  3.361026734705064e-18  3.361026734705064e-18  0.0009179110681858128   0.005819495292275859    0.01132366772183891    0.01292302838134152    0.01312780513699969    0.01314130661700373
                  73750   -0.06445608540795211  3.361026734705064e-18  3.361026734705064e-18  0.0009146034119938697   0.005798473671734708    0.01128265103567671    0.01287618109025526    0.01308021064369353    0.01309366285329647
                  74000   -0.06425612416414937  3.361026734705064e-18  3.361026734705064e-18  0.0009113194232977973   0.005777602836997521    0.01124192936905905    0.01282967102653975    0.01303295879162656    0.01304636208785687
                  74250   -0.06405746138208182  3.361026734705064e-18  3.361026734705064e-18  0.0009080588495868096   0.005756881175366755     0.0112014995579307    0.01278349457054971    0.01298604590266379    0.01299940063869232
                  74500   -0.06386008424319349  3.361026734705064e-18  3.361026734705064e-18  0.0009048214419229691   0.005736307097019591    0.01116135848324057    0.01273764815416592    0.01293946835103437     0.0129527748762296
                  74750   -0.06366398009850943  3.361026734705064e-18  3.361026734705064e-18    0.00090160695487831    0.00571587903460435    0.01112150307014565    0.01269212825988295    0.01289322256240431    0.01290648122238663
                  75000   -0.06346913646582648  3.361026734705064e-18  3.361026734705064e-18  0.0008984151464732826   0.005695595442845461    0.01108193028723157    0.01264693141991614    0.01284730501296888    0.01286051614966397
                  75250   -0.06327554102696058  3.361026734705064e-18  3.361026734705064e-18  0.0008952457781164871    0.00567545479815671    0.01104263714574973    0.01260205421532737    0.01280171222856412     0.0128148761802553
                  75500   -0.06308318162504789  3.361026734705064e-18  3.361026734705064e-18  0.0008920986145456674   0.005655455598262566    0.01100362069887027    0.01255749327516929    0.01275644078379697    0.01276955788517666
                  75750   -0.06289204626190023  3.361026734705064e-18  3.361026734705064e-18  0.0008889734237699296   0.005635596361827419    0.01096487804095085    0.01251324527564733    0.01271148730119368    0.01272455788341396
                  76000   -0.06270212309541119  3.361026734705064e-18  3.361026734705064e-18  0.0008858699770131614   0.005615875628092515     0.0109264063068205     0.0124693069392993    0.01266684845036589    0.01267987284108817
                  76250   -0.06251340043701432  3.361026734705064e-18  3.361026734705064e-18  0.0008827880486586155   0.005596291956520419    0.01088820267107843    0.01242567503419198    0.01262252094719411    0.01263549947063795
                  76500   -0.06232586674919036  3.361026734705064e-18  3.361026734705064e-18  0.0008797274161946396   0.005576843926446805    0.01085026434740733    0.01238234637313435    0.01257850155302812    0.01259143453001919
                  76750    -0.0621395106430231  3.361026734705064e-18  3.361026734705064e-18  0.0008766878601615163   0.005557530136739411    0.01081258858790085    0.01233931781290707    0.01253478707390382      0.012547674821921
                  77000   -0.06195432087580287  3.361026734705064e-18  3.361026734705064e-18  0.0008736691640993917   0.005538349205464003    0.01077517268240488    0.01229658625350785    0.01249137435977624    0.01250421719299793
                  77250   -0.06177028634867636  3.361026734705064e-18  3.361026734705064e-18  0.0008706711144972631   0.005519299769557108    0.01073801395787232     0.0122541486374122    0.01244826030376825    0.01246105853311789
                  77500   -0.06158739610434153  3.361026734705064e-18  3.361026734705064e-18  0.0008676935007430061    0.00550038048450549    0.01070110977773106    0.01221200194884937    0.01240544184143464    0.01241819577462547
                  77750   -0.06140563932478726  3.361026734705064e-18  3.361026734705064e-18  0.0008647361150744126   0.005481590024032069    0.01066445754126476    0.01217014321309299    0.01236291595004114    0.01237562589162015
                  78000   -0.06122500532907599  3.361026734705064e-18  3.361026734705064e-18  0.0008617987525312114   0.005462927079788218    0.01062805468300626    0.01212856949576613    0.01232067964785819    0.01233334589924931
                  78250   -0.06104548357116869  3.361026734705064e-18  3.361026734705064e-18  0.0008588812109080623   0.005444390361052248     0.0105918986721432     0.0120872779021604    0.01227872999346883    0.01229135285301545
                  78500   -0.06086706363779168  3.361026734705064e-18  3.361026734705064e-18  0.0008559832907084865   0.005425978594433971    0.01055598701193557    0.01204626557656875    0.01223706408509071    0.01224964384809744
                  78750   -0.06068973524634332  3.361026734705064e-18  3.361026734705064e-18   0.000853104795099718    0.00540769052358516    0.01052031723914511    0.01200552970163175    0.01219567905991157    0.01220821601868531
                  79000   -0.06051348824284085  3.361026734705064e-18  3.361026734705064e-18   0.000850245529868456    0.00538952490891579    0.01048488692347596     0.0119650674976969    0.01215457209343816    0.01216706653732843
                  79250   -0.06033831259990566  3.361026734705064e-18  3.361026734705064e-18  0.0008474053033774923   0.005371480527315931     0.0104496936670265    0.01192487622219074    0.01211374039885806    0.01212619261429673
                  79500   -0.06016419841478632  3.361026734705064e-18  3.361026734705064e-18  0.0008445839265231997   0.005353556171883159    0.01041473510375222    0.01188495316900342    0.01207318122641427     0.0120855914969546
                  79750   -0.05999113590741904  3.361026734705064e-18  3.361026734705064e-18  0.0008417812126938579   0.005335750651655326    0.01038000889893902     0.0118452956678856    0.01203289186279215    0.01204526046914715
                  80000   -0.05981911541852402  3.361026734705064e-18  3.361026734705064e-18  0.0008389969777287958   0.005318062791348638     0.0103455127486871    0.01180590108385712    0.01199286963051849    0.01200519685059866
                  80250   -0.05964812740773747  3.361026734705064e-18  3.361026734705064e-18  0.0008362310398783377   0.005300491431100822     0.0103112443794049    0.01176676681662731    0.01195311188737247    0.01196539799632293
                  80500   -0.05947816245177807  3.361026734705064e-18  3.361026734705064e-18  0.0008334832197645294   0.005283035426219384    0.01027720154731297    0.01172789030002692    0.01191361602580806    0.01192586129604508
                  80750   -0.05930921124264753  3.361026734705064e-18  3.361026734705064e-18   0.000830753340342627   0.005265693646934698    0.01024338203795762    0.01168926900145081    0.01187437947238787    0.01188658417363474
                  81000   -0.05914126458586449  3.361026734705064e-18  3.361026734705064e-18  0.0008280412268633387   0.005248464978157962    0.01020978366573401    0.01165090042131181    0.01183539968722797    0.01184756408655034
                  81250   -0.05897431339873044  3.361026734705064e-18  3.361026734705064e-18    0.00082534670683579   0.005231348319243834    0.01017640427341844    0.01161278209250508    0.01179667416345352    0.01180879852529419
                  81500   -0.05880834870862786  3.361026734705064e-18  3.361026734705064e-18  0.0008226696099912052   0.005214342583757612     0.0101432417317098    0.01157491157988283    0.01175820042666493    0.01177028501287795
                  81750   -0.05864336165134923  3.361026734705064e-18  3.361026734705064e-18  0.0008200097682472889   0.005197446699246952    0.01011029393877985    0.01153728647973921    0.01171997603441439    0.01173202110429875
                  82000   -0.05847934346945664  3.361026734705064e-18  3.361026734705064e-18  0.0008173670156732882   0.005180659607017931    0.01007755881983204    0.01149990441930519    0.01168199857569245    0.01169400438602512
                  82250   -0.05831628551067099  3.361026734705064e-18  3.361026734705064e-18  0.0008147411884557214   0.005163980261915412    0.01004503432666904    0.01146276305625301    0.01164426567042441     0.0116562324754929
                  82500   -0.05815417922629052  3.361026734705064e-18  3.361026734705064e-18  0.0008121321248647572    0.00514740763210758    0.01001271843726826    0.01142586007821021    0.01160677496897646    0.01161870302061086
                  82750   -0.05799301616963792  3.361026734705064e-18  3.361026734705064e-18  0.0008095396652212359   0.005130940698874616   0.009980609155365661    0.01138919320228293    0.01156952415167111    0.01158141369927562
                  83000   -0.05783278799453519  3.361026734705064e-18  3.361026734705064e-18  0.0008069636518643128   0.005114578456401325   0.009948704510047373    0.01135276017458816      0.011532510928312    0.01154436221889586
                  83250   -0.05767348645380608  3.361026734705064e-18  3.361026734705064e-18  0.0008044039291197087   0.005098319911573714    0.00991700255534911    0.01131655876979509    0.01149573303771752    0.01150754631592561
                  83500   -0.05751510339780509  3.361026734705064e-18  3.361026734705064e-18  0.0008018603432685616   0.005082164083779397   0.009885501369863083    0.01128058679067481     0.0114591882472634    0.01147096375540625
                  83750     -0.057357630772973  3.361026734705064e-18  3.361026734705064e-18  0.0007993327425168589   0.005066110004711738   0.009854199056352377    0.01124484206765881    0.01142287435243387    0.01143461233051721
                  84000   -0.05720106062041777  3.361026734705064e-18  3.361026734705064e-18  0.0007968209769654446    0.00505015671817769   0.009823093741372546    0.01120932245840553    0.01138678917638123     0.0113984898621351
                  84250    -0.0570453850745208  3.361026734705064e-18  3.361026734705064e-18  0.0007943248985805758   0.005034303279909173   0.009792183574900273     0.0111740258473752     0.0113509305694937    0.01136259419840106
                  84500   -0.05689059636156776  3.361026734705064e-18  3.361026734705064e-18  0.0007918443611650408   0.005018548757377996   0.009761466729968936    0.01113895014541245    0.01131529640897129    0.01132692321429621
                  84750   -0.05673668679840348  3.361026734705064e-18  3.361026734705064e-18  0.0007893792203297958   0.005002892229614217   0.009730941402311021    0.01110409328933685    0.01127988459840959    0.01129147481122506
                  85000   -0.05658364879111072  3.361026734705064e-18  3.361026734705064e-18  0.0007869293334661353   0.004987332787027819   0.009700605810007088     0.0110694532415409    0.01124469306739135    0.01125624691660649
                  85250   -0.05643147483371168  3.361026734705064e-18  3.361026734705064e-18  0.0007844945597183702   0.004971869531233732   0.009670458193141281    0.01103502798959559    0.01120971977108546    0.01122123748347249
                  85500    -0.0562801575068925  3.361026734705064e-18  3.361026734705064e-18   0.000782074759957011   0.004956501574880009    0.00964049681346313    0.01100081554586312    0.01117496268985345    0.01118644449007413
                  85750   -0.05612968947674989  3.361026734705064e-18  3.361026734705064e-18  0.0007796697967524347   0.004941228041479217     0.0096107199540556     0.0109668139471168    0.01114041982886319    0.01115186593949491
                  86000   -0.05598006349355954  3.361026734705064e-18  3.361026734705064e-18  0.0007772795343490361   0.004926048065242843   0.009581125919009243     0.0109330212541679    0.01110608921770964    0.01111749985927105
                  86250   -0.05583127239056568  3.361026734705064e-18  3.361026734705064e-18  0.0007749038386398503   0.004910960790918763   0.009551713033102231     0.0108994355514993    0.01107196891004255    0.01108334430101889
                  86500   -0.05568330908279177  3.361026734705064e-18  3.361026734705064e-18  0.0007725425771416314    0.00489596537363163   0.009522479641486252    0.01086605494690582    0.01103805698320098    0.01104939734006892
                  86750   -0.05553616656587161  3.361026734705064e-18  3.361026734705064e-18  0.0007701956189703842   0.004881060978726185   0.009493424109378146    0.01083287757114113    0.01100435153785437    0.01101565707510655
                  87000   -0.05538983791490036  3.361026734705064e-18  3.361026734705064e-18  0.0007678628348173314   0.004866246781613367   0.009464544821757022    0.01079990157757098    0.01097085069765022    0.01098212162781934
                  87250   -0.05524431628330526  3.361026734705064e-18  3.361026734705064e-18  0.0007655440969253216   0.004851521967619197   0.009435840183066944    0.01076712514183272    0.01093755260886798    0.01094878914255063
                  87500   -0.05509959490173581  3.361026734705064e-18  3.361026734705064e-18   0.000763239279065651   0.004836885731836387   0.009407308616924856    0.01073454646150095    0.01090445544007936    0.01091565778595938
                  87750   -0.05495566707697259  3.361026734705064e-18  3.361026734705064e-18  0.0007609482565153024   0.004822337278978607   0.009378948565833845    0.01070216375575918    0.01087155738181456    0.01088272574668613
                  88000   -0.05481252619085475  3.361026734705064e-18  3.361026734705064e-18  0.0007586709060345906   0.004807875823237306   0.009350758490901494    0.01066997526507734    0.01083885664623457    0.01084999123502492
                  88250    -0.0546701656992255  3.361026734705064e-18  3.361026734705064e-18  0.0007564071058452013   0.004793500588141145   0.009322736871563202    0.01063797925089505    0.01080635146680932    0.01081745248260108
                  88500   -0.05452857913089554  3.361026734705064e-18  3.361026734705064e-18  0.0007541567356086212   0.004779210806417871   0.009294882205310521    0.01060617399531055    0.01077404009800146    0.01078510774205475
                  88750   -0.05438776008662375  3.361026734705064e-18  3.361026734705064e-18  0.0007519196764049489   0.004765005719858665   0.009267193007424214    0.01057455780077508     0.0107419208149559    0.01075295528672996
                  89000   -0.05424770223811519  3.361026734705064e-18  3.361026734705064e-18  0.0007496958107120748   0.004750884579184864   0.009239667810712093    0.01054312898979274    0.01070999191319467    0.01072099341036931
                  89250   -0.05410839932703559  3.361026734705064e-18  3.361026734705064e-18  0.0007474850223852316   0.004736846643917027   0.009212305165251435    0.01051188590462561    0.01067825170831728    0.01068922042681396
                  89500   -0.05396984516404266  3.361026734705064e-18  3.361026734705064e-18  0.0007452871966368964   0.004722891182246292    0.00918510363813594    0.01048082690700401    0.01064669853570633    0.01065763466970889
                  89750   -0.05383203362783282  3.361026734705064e-18  3.361026734705064e-18  0.0007431022200170502   0.004709017470907998   0.009158061813227137    0.01044995037784192    0.01061533075023822    0.01062623449221336
                  90000    -0.0536949586642047  3.361026734705064e-18  3.361026734705064e-18  0.0007409299803937738    0.00469522479505751   0.009131178290910097    0.01041925471695735    0.01058414672599899     0.0105950182667164
                  90250   -0.05355861428513722  3.361026734705064e-18  3.361026734705064e-18  0.0007387703669341864   0.004681512448148156   0.009104451687853425    0.01038873834279747    0.01055314485600505    0.01056398438455732
                  90500   -0.05342299456788344  3.361026734705064e-18  3.361026734705064e-18  0.0007366232700857066    0.00466787973181135    0.00907788063677341    0.01035839969216872    0.01052232355192883    0.01053313125575097
                  90750   -0.05328809365407913  3.361026734705064e-18  3.361026734705064e-18  0.0007344885815576455   0.004654325955738705   0.009051463786202259     0.0103282372199714    0.01049168124382909    0.01050245730871786
                  91000   -0.05315390574886583  3.361026734705064e-18  3.361026734705064e-18  0.0007323661943031068   0.004640850437566269    0.00902519980026034    0.01029824939893901      0.010461216379886    0.01047196099001889
                  91250   -0.05302042512002839  3.361026734705064e-18  3.361026734705064e-18   0.000730256002501203   0.004627452502760663   0.008999087358432318    0.01026843471938193    0.01043092742614068    0.01044164076409469
                  91500   -0.05288764609714679  3.361026734705064e-18  3.361026734705064e-18  0.0007281579015395764   0.004614131484507217   0.008973125155347192     0.0102387916889356    0.01040081286623932    0.01041149511300934
                  91750   -0.05275556307076122  3.361026734705064e-18  3.361026734705064e-18  0.0007260717879972144   0.004600886723600014   0.008947311900562029      0.010209318832313    0.01037087120118153    0.01038152253619865
                  92000   -0.05262417049155111  3.361026734705064e-18  3.361026734705064e-18  0.0007239975596275552   0.004587717568333789   0.008921646318349415    0.01018001469106134    0.01034110094907319    0.01035172155022258
                  92250   -0.05249346286952736  3.361026734705064e-18  3.361026734705064e-18  0.0007219351153418885   0.004574623374397672   0.008896127147488563    0.01015087782332288    0.01031150064488335    0.01032209068852191
                  92500   -0.05236343477323753  3.361026734705064e-18  3.361026734705064e-18  0.0007198843551930277   0.004561603504770746   0.008870753141059907    0.01012190680359985    0.01028206884020532    0.01029262850117916
                  92750   -0.05223408082898383  3.361026734705064e-18  3.361026734705064e-18  0.0007178451803592598   0.004548657329619336   0.008845523066243199    0.01009310022252332    0.01025280410302179    0.01026333355468343
                  93000    -0.0521053957200537  3.361026734705064e-18  3.361026734705064e-18    0.00071581749312857   0.004535784226196063   0.008820435704119034    0.01006445668662602    0.01022370501747393    0.01023420443169919
                  93250   -0.05197737418596266  3.361026734705064e-18  3.361026734705064e-18  0.0007138011968831233    0.00452298357874055   0.008795489849473658    0.01003597481811889    0.01019477018363442    0.01020523973083914
                  93500   -0.05185001102170934  3.361026734705064e-18  3.361026734705064e-18  0.0007117961960840112   0.004510254778381852   0.008770684310607129     0.0100076532546715    0.01016599821728416    0.01017643806644069
                  93750   -0.05172330107704201  3.361026734705064e-18  3.361026734705064e-18   0.000709802396256248   0.004497597223042461   0.008746017909144622   0.009979490649196064    0.01013738774969289    0.01014779806834629
                  94000   -0.05159723925573734  3.361026734705064e-18  3.361026734705064e-18  0.0007078197039740226   0.004485010317343922   0.008721489479850901   0.009951485669635102    0.01010893742740334    0.01011931838168741
                  94250   -0.05147182051488993  3.361026734705064e-18  3.361026734705064e-18  0.0007058480268461874    0.00447249347251405   0.008697097870447933   0.009923636998752636    0.01008064591201908    0.01009099766667212
                  94500   -0.05134703986421364  3.361026734705064e-18  3.361026734705064e-18  0.0007038872735019926   0.004460046106295638   0.008672841941435441   0.009895943333928795    0.01005251187999575    0.01006283459837617
                  94750   -0.05122289236535351  3.361026734705064e-18  3.361026734705064e-18  0.0007019373535770524   0.004447667642856687   0.008648720565914477   0.009868403386957922    0.01002453402243597    0.01003482786653759
                  95000   -0.05109937313120864  3.361026734705064e-18  3.361026734705064e-18  0.0006999981776995459   0.004435357512702146    0.00862473262941392   0.009841015883849969   0.009996711044887384    0.01000697617535459
                  95250   -0.05097647732526561  3.361026734705064e-18  3.361026734705064e-18    0.00069806965747664    0.00442311515258705   0.008600877029719805    0.00981377956463513   0.009969041667144246   0.009979278243286921
                  95500   -0.05085420016094245  3.361026734705064e-18  3.361026734705064e-18   0.000696151705481136   0.004410940005431127   0.008577152676707446   0.009786693183171729    0.00994152462305211   0.009951732802860333
                  95750    -0.0507325369009426  3.361026734705064e-18  3.361026734705064e-18   0.000694244235238334   0.004398831520234764   0.008553558492176344   0.009759755506957226   0.009914158660315831   0.009924338600474423
                  96000   -0.05061148285661919  3.361026734705064e-18  3.361026734705064e-18   0.000692347161213113   0.004386789151996385   0.008530093409687764    0.00973296531694237   0.009886942540310641   0.009897094396213465
                  96250   -0.05049103338734887  3.361026734705064e-18  3.361026734705064e-18  0.0006904603987972161   0.004374812361631117   0.008506756374404957   0.009706321407348265   0.009859875037896312   0.009869998963660417
                  96500   -0.05037118389991553  3.361026734705064e-18  3.361026734705064e-18  0.0006885838642967436   0.004362900615890822   0.008483546342935985   0.009679822585486541   0.009832954941234368   0.009843051089713881
                  96750   -0.05025192984790347  3.361026734705064e-18  3.361026734705064e-18  0.0006867174749198515   0.004351053387285386    0.00846046228317909   0.009653467671582368   0.009806181051608215   0.009816249574408142
                  97000   -0.05013326673109973  3.361026734705064e-18  3.361026734705064e-18  0.0006848611487646402   0.004339270154005317   0.008437503174170585    0.00962725549860031   0.009779552183246254   0.009789593230735978
                  97250   -0.05001519009490597  3.361026734705064e-18  3.361026734705064e-18  0.0006830148048072448   0.004327550399845549   0.008414668005935114   0.009601184912073079   0.009753067163147732   0.009763080884474428
                  97500   -0.04989769552975885  3.361026734705064e-18  3.361026734705064e-18  0.0006811783628901117   0.004315893614130486   0.008391955779338437   0.009575254769932909   0.009726724830911507   0.009736711374013308
                  97750   -0.04978077867055971  3.361026734705064e-18  3.361026734705064e-18  0.0006793517437104657   0.004304299291640238   0.008369365505942489   0.009549463942345765   0.009700524038567483   0.009710483550186515
                  98000   -0.04966443519611265  3.361026734705064e-18  3.361026734705064e-18   0.000677534868808957   0.004292766932538035   0.008346896207862768   0.009523811311548112   0.009674463650410761    0.00968439627610599
                  98250   -0.04954866082857114  3.361026734705064e-18  3.361026734705064e-18  0.0006757276605584898    0.00428129604229882   0.008324546917628038   0.009498295771686359   0.009648542542838491   0.009658448426998353
                  98500   -0.04943345133289313  3.361026734705064e-18  3.361026734705064e-18  0.0006739300421532298   0.004269886131638924   0.008302316678042199   0.009472916228658753   0.009622759604189214   0.009632638890044157
                  98750   -0.04931880251630436  3.361026734705064e-18  3.361026734705064e-18  0.0006721419375977831   0.004258536716446892   0.008280204542048397   0.009447671599959923   0.009597113734584854   0.009606966564219629
                  99000   -0.04920471022776966  3.361026734705064e-18  3.361026734705064e-18  0.0006703632716965462   0.004247247317715401    0.00825820957259529   0.009422560814527789   0.009571603845775123   0.009581430360141021
                  99250   -0.04909117035747236  3.361026734705064e-18  3.361026734705064e-18  0.0006685939700432238   0.004236017461474233   0.008236330842505375   0.009397582812592876   0.009546228860984485   0.009556029199911274
                  99500   -0.04897817883630126  3.361026734705064e-18  3.361026734705064e-18  0.0006668339590105102   0.004224846678724308   0.008214567434345402   0.009372736545530053    0.00952098771476141   0.009530762016969214
                  99750   -0.04886573163534546  3.361026734705064e-18  3.361026734705064e-18  0.0006650831657399331   0.004213734505372747   0.008192918440298879    0.00934802097571257   0.009495879352830094   0.009505627755941106
                 100000   -0.04875382476539663  3.361026734705064e-18  3.361026734705064e-18   0.000663341518131853   0.004202680482168967   0.008171382962040461   0.009323435076368425   0.009470902731944465   0.009480625372494471
