#! FIELDS time rct DeltaF_0 DeltaF_3 DeltaF_6 DeltaF_9 DeltaF_12
#! SET print_stride  100
                    250                      0  3.469446951953614e-18     0.5228193437775304      2.117469203647083      3.498062883875491      4.732234728222231
                    500    0.06800150573008526  3.469446951953614e-18     0.4089932883450559         2.137682571003      4.738125815560252      7.687328441198474
                    750     0.1542668535451274  3.469446951953614e-18     0.4792006668017264      2.347838852253264      5.031769195313712      7.903603690168383
                   1000     0.1073805812816582  3.469446951953614e-18      0.470119360777835      2.319583771820925      5.043960174751347      7.969012471538217
                   1250     0.1050412622260071  3.469446951953614e-18     0.4892686051259733      2.374236925358616      5.066518576253742      8.021218115427242
                   1500    0.05970789161999583  3.469446951953614e-18     0.4950917358131623      2.368649183007991      5.026640144323294      7.913199455014522
                   1750    0.05028687701262251  3.469446951953614e-18     0.4897428462037123       2.35706725398438      5.024245929179959         7.939652736775
                   2000    0.04425163654933755  3.469446951953614e-18     0.4870053082254869      2.344833529860035      5.031214591550154      7.959978690213733
                   2250    0.07353971278570941  3.469446951953614e-18     0.5013463240819583       2.38872638570026      5.102959251781126      8.019317934955573
                   2500     0.0527659868465233  3.469446951953614e-18     0.4990167710495667      2.374466136328924      5.074578372060436      7.999862355130911
                   2750    0.06509794997809729  3.469446951953614e-18     0.5070717598226548      2.398823434982294      5.111907833241833      8.025187526013926
                   3000    0.06733749821497513  3.469446951953614e-18     0.5108142292501284      2.404762887428749        5.1269142875668      8.040376142560573
                   3250    0.04500803016737372  3.469446951953614e-18     0.5042062906906405      2.386232862811603      5.101538988961218      8.001730296402915
                   3500    0.05594765044003693  3.469446951953614e-18     0.5096846822205792      2.406297054766979      5.123996561301528      8.028029641272449
                   3750    0.02188276211598668  3.469446951953614e-18     0.5055577741687625      2.389012369690652      5.069859140760841      7.949087036127977
                   4000    0.01002132567045854  3.469446951953614e-18     0.5054949575956934      2.380935647856553      5.049019456981868      7.924554494660903
                   4250    0.01877941039406345  3.469446951953614e-18     0.5068492377556473      2.392395291170078      5.067479197122506       7.94147241361433
                   4500    0.03462617755841543  3.469446951953614e-18     0.5120267506380612       2.41164688333566      5.100252335049235      7.973216165959344
                   4750     0.0188261987389819  3.469446951953614e-18     0.5096884627074582      2.406221992859884      5.087419334685753      7.924210417834918
                   5000   -0.02974095344282188  3.469446951953614e-18     0.5060680871742017      2.371257049259152      4.993644821947082      7.812399929386511
                   5250   -0.07505329567694984  3.469446951953614e-18      0.502164708237495      2.333468741178397      4.899627992219382      7.707905884932131
                   5500    -0.1193095473528311  3.469446951953614e-18     0.4992337107480221       2.30278689461591      4.807712913773331      7.587375017040398
                   5750    -0.1603265809924793  3.469446951953614e-18     0.4957007239007278      2.269194615464373      4.726208559329612      7.466233282129726
                   6000     -0.197980474958423  3.469446951953614e-18     0.4913756320840508      2.228944296941972      4.635161470570842      7.370053859490827
                   6250    -0.2310605755113732  3.469446951953614e-18     0.4854178678380323      2.181837202302927      4.550834529078055      7.291473135028107
                   6500    -0.2629190764118422  3.469446951953614e-18     0.4798677687903377      2.138197313554419      4.471443347803745      7.203556502613408
                   6750    -0.2956969264745385  3.469446951953614e-18     0.4759297917463859      2.104729021272072      4.395754858778015      7.089786946765807
                   7000     -0.326745239971476  3.469446951953614e-18     0.4718813866289974      2.072276334720213      4.325851920462043      6.972204986860691
                   7250     -0.355465708899787  3.469446951953614e-18     0.4673060669471624      2.035305347753678      4.250225001105885      6.872059542656702
                   7500    -0.3819745483168517  3.469446951953614e-18     0.4622355954257185      1.998587654325822      4.181026716840475      6.772352744400131
                   7750    -0.4055595291789393  3.469446951953614e-18     0.4568428875200786      1.960659318020736      4.112252823960145       6.68482879734236
                   8000    -0.3899598527612458  3.469446951953614e-18     0.4495871545016124      1.957046391871239      4.121168307204353      6.684826622938341
                   8250    -0.3569018589815334  3.415236843329339e-18     0.4498204492628141      1.970136914699921      4.154907040479796      6.730265623202523
                   8500    -0.3257772416824718  3.415236843329339e-18     0.4528192105514766      1.992202436950682      4.190132015976789      6.762777201235446
                   8750    -0.3016588734938538  3.415236843329339e-18     0.4545846059346995      2.005172232848682      4.213225428802548      6.791574778382865
                   9000     -0.323718757849944  3.415236843329339e-18     0.4506240451056602      1.976229832043171      4.153600558845252      6.720689633367356
                   9250    -0.3091384132469105  3.415236843329339e-18     0.4499613754688601       1.98049482388515      4.164701365703877       6.72614448663016
                   9500    -0.2701118823752989  3.415236843329339e-18     0.4589108746616092      2.012627229672537      4.214956335720692      6.783572088647447
                   9750     -0.253778296726742  3.415236843329339e-18     0.4576647276751332      2.016838491326882      4.229244554046711      6.808000780615102
                  10000    -0.2246461830351057  3.415236843329339e-18     0.4614817482462747      2.039348732541347       4.26710987240732      6.854498271006915
                  10250    -0.2090906348525648  3.415236843329339e-18      0.461268368403724      2.046006309742004      4.285014109452365      6.877759484151866
                  10500     -0.181797280099485  3.415236843329339e-18      0.464718964239854      2.067793422648829       4.32325665008757      6.924580839161165
                  10750    -0.1659712269724995  3.415236843329339e-18     0.4644614877334624      2.077031517260129      4.343581159462114      6.951204420680098
                  11000    -0.1495406694055739  3.415236843329339e-18     0.4679021864384533       2.09205264496443      4.366113521339511      6.972658648228464
                  11250    -0.1306981338841428  3.415236843329339e-18     0.4713033293306733      2.108380112500127      4.393991673018667      7.001987776855223
                  11500    -0.1209677900320778  3.415236843329339e-18     0.4733420548866835      2.116006166687374      4.404940816138775      7.014789810200342
                  11750    -0.1070911456973509  3.415236843329339e-18     0.4756275998831203      2.126307488274527      4.423624151270095      7.039749553659496
                  12000   -0.09745257245129067  3.415236843329339e-18     0.4725183245830555      2.127115324378573      4.439951306129713      7.062382365561707
                  12250   -0.08894316709907327  3.415236843329339e-18     0.4733174742648911      2.135572645536021      4.454360922873814      7.071100982205767
                  12500   -0.08220658141194616  3.415236843329339e-18     0.4751967842917602      2.143772543805715       4.46472850771384      7.075533934383312
                  12750   -0.06718883920448547  3.415236843329339e-18     0.4768925891639529      2.154652655131898      4.488131784520727      7.106730948988814
                  13000   -0.06172665299581019  3.415236843329339e-18     0.4759778300459377      2.157801023750588      4.495532302657818       7.11767705006097
                  13250   -0.04837008993821736  3.415236843329339e-18     0.4817960755028097      2.175225742417186      4.517695015629789        7.1338473666508
                  13500    -0.0430428781862316  3.415236843329339e-18     0.4812813577152867       2.17594609394989       4.52585675853707      7.147498195494292
                  13750   -0.04270685926510728  3.415236843329339e-18     0.4810386344610306      2.176636081065359      4.526534841180353      7.143813105185128
                  14000   -0.03737244730799626  3.415236843329339e-18     0.4817185832151822      2.180332288912386       4.53473956150436      7.154303414800727
                  14250   -0.03339274578887563  3.415236843329339e-18     0.4831418844835499      2.183885235867337      4.540434947966292      7.160348055645319
                  14500   -0.03463817962069975  3.415236843329339e-18      0.482093791233482      2.180160668970035      4.538833892941838      7.157468986071716
                  14750   -0.02812704033759281  3.415236843329339e-18     0.4827982242502294      2.185738474684951      4.549076134440315      7.170725587037372
                  15000   -0.02531004956943812  3.415236843329339e-18     0.4827160923420197      2.187088391255721      4.555135791445949      7.175070605096048
                  15250   -0.01271687954234836  3.415236843329339e-18     0.4860267212861354      2.198585064325079      4.575605905254885      7.201146532288801
                  15500     -0.002341680510995  3.415236843329339e-18     0.4898627461838732      2.212102627405634      4.592897519032384      7.217847764884556
                  15750   0.001073445726081375  3.415236843329339e-18     0.4892169299765773      2.214357071841475      4.600399049199681       7.22588023882065
                  16000   0.002780492367191304  3.415236843329339e-18     0.4888559135148493      2.215206874414403      4.604070771629529      7.230447164901085
                  16250   0.007485088698994447  3.415236843329339e-18     0.4898916383605905      2.219286767653693      4.612496226710242      7.240915900096726
                  16500    0.01163250334183552  3.415236843329339e-18     0.4902388986473592      2.223771312219877      4.621080787757986      7.248941434395537
                  16750     0.0199820773434881  3.415236843329339e-18     0.4919332759943635      2.231352956006311      4.634626944102353      7.269027082401385
                  17000     0.0270830530204188  3.415236843329339e-18     0.4939498734963847      2.239159831875803      4.647369668246175      7.283712130404237
                  17250    0.02921210210924704  3.415236843329339e-18     0.4940363938408849      2.240789345687273      4.652395584228266      7.289666736927821
                  17500    0.02702760142806591  3.415236843329339e-18     0.4934291692227037      2.239805376172144      4.650463376245448      7.284390833299067
                  17750    0.03040634187883254  3.415236843329339e-18     0.4928122335591592      2.243047026522139      4.658504534120299      7.292695464920953
                  18000     0.0326808490499806  3.415236843329339e-18     0.4926434199548196       2.24208479843439      4.661741272347248      7.304208760276146
                  18250    0.03963122296617246  3.415236843329339e-18     0.4945915553506003      2.249657914985013      4.674298927627662      7.319338559935228
                  18500    0.04521560277538967  3.415236843329339e-18     0.4967408935099535      2.257760280544606      4.685608631011198      7.328640647355448
                  18750    0.04741066140554123  3.415236843329339e-18     0.4975136853708374      2.259203122590921      4.688661275794119      7.337354778227274
                  19000    0.04684829032555449  3.415236843329339e-18     0.4970613443230345      2.257744974210634      4.688190979563482      7.340067923228825
                  19250    0.05355473460225282  3.415236843329339e-18     0.4996764879046486      2.266399837160425      4.700398363988036      7.353288272210645
                  19500    0.05616470250644081  3.415236843329339e-18      0.499693236654382      2.268126347723325      4.705943234043427      7.362584871790803
                  19750    0.05750097143401772  3.415236843329339e-18     0.5001568120713945       2.27067322777118      4.710231541522065      7.365620348000606
                  20000    0.05668964558642297  3.415236843329339e-18      0.499025690981711      2.268249883441233      4.710451236282678      7.368396259945575
                  20250     0.0575200522437011  3.415236843329339e-18     0.4994629263416508      2.268790931521683      4.711949295206744      7.373495064028049
                  20500    0.05941384426666886  3.415236843329339e-18     0.5005007675497263      2.271332669592244       4.71570483258068      7.379206164643459
                  20750    0.06130176684661026  3.415236843329339e-18     0.5015198018259829      2.274291388711659       4.72038813572743      7.383614244122484
                  21000    0.06785216060077101  3.415236843329339e-18     0.5038746862050055      2.281884722715459      4.732294846398802      7.398253346818875
                  21250    0.06784134103607987  3.415236843329339e-18     0.5035063515396053       2.28058362333946      4.732853974436798      7.403237898739916
                  21500    0.07157407335852646  3.415236843329339e-18      0.504316769833982      2.284616930117853      4.741059733687821      7.412897674999737
                  21750    0.07517178888384925  3.415236843329339e-18     0.5059498031385178      2.289980547931613      4.747688351037154      7.421404785096513
                  22000    0.07361868417168328  3.415236843329339e-18     0.5053779996134976      2.288787610093669      4.746643808129841      7.420556684865926
                  22250    0.07548525319187782  3.415236843329339e-18     0.5046602856890603      2.289669485671712      4.752328057209723      7.428150506198431
                  22500    0.08106173887545375  3.415236843329339e-18      0.507310130709935      2.296927519435704      4.763495180639937      7.439169255505105
                  22750    0.08075348828934718  3.415236843329339e-18     0.5072619045841745       2.29699118505088      4.764317573758315      7.441142046657363
                  23000    0.07937733266277312  3.415236843329339e-18     0.5066288079639041      2.297404719567113      4.765801827414181      7.437275162774206
                  23250    0.07777114334501108  3.415236843329339e-18     0.5059759705530209      2.296158452573623      4.764575257705347      7.436523851218413
                  23500    0.07886657740020822  3.415236843329339e-18     0.5061880501234888      2.298929001877273      4.769412620924959      7.438239847146318
                  23750    0.07993851274199616  3.415236843329339e-18     0.5059420360121889      2.299595481444242      4.772334508166545      7.444407709331737
                  24000    0.08009075725427081  3.415236843329339e-18     0.5052550248144138      2.298683941786041      4.773824069235468      7.449359314210323
                  24250    0.08026993814340729  3.415236843329339e-18     0.5051854712723123      2.299649499554313       4.77604312672004      7.451218483649537
                  24500    0.08202857085944507  3.415236843329339e-18     0.5066106786812564      2.303295481229882      4.780145015328454      7.454879623332418
                  24750     0.0841284647144268  3.415236843329339e-18     0.5070015389988383       2.30486637956907      4.784332978442189      7.463357007981849
                  25000    0.08387516798099399  3.415236843329339e-18     0.5070394363407855       2.30515495035469      4.785681509674473      7.464465799546778
                  25250    0.08730027434447499  3.415236843329339e-18     0.5070649481080728      2.307906752071275      4.793344610804952      7.475271105392699
                  25500    0.08672079583341162  3.415236843329339e-18      0.507247950390031      2.308507231126061      4.793870378797004      7.475186657368929
                  25750    0.08996561068261941  3.415236843329339e-18     0.5079386743755823      2.312321540705862      4.801135544604229      7.483818547099895
                  26000    0.09206626322674603  3.415236843329339e-18     0.5088789398896173      2.316047434110771      4.806266801047987       7.48876042481899
                  26250    0.09033386312120749  3.415236843329339e-18     0.5085724696481431      2.316140472927371      4.805789811143754      7.484992418746452
                  26500    0.08943633549392128  3.415236843329339e-18     0.5084521219701149      2.315725781090681      4.805188025788469      7.485736026061296
                  26750    0.09180300529566025  3.415236843329339e-18     0.5082656746802439      2.317581262367368      4.810882828308794      7.494339436660852
                  27000    0.09367065842892509  3.415236843329339e-18     0.5080868593861634      2.318811918869861      4.815815872325213      7.501845236676129
                  27250    0.09377619510467103  3.415236843329339e-18     0.5077056336250647      2.317782110469008      4.817458494458768      7.506322293524524
                  27500    0.09601571815688188  3.415236843329339e-18     0.5077701441762301      2.319909935162867      4.823113301712553      7.513859993962051
                  27750    0.09718121126762684  3.415236843329339e-18      0.508270873580416      2.321604931563563      4.827134046455698      7.517666529460491
                  28000    0.09849505725514736  3.415236843329339e-18     0.5082760059100816      2.323096064555974      4.830611680439409      7.523485622436201
                  28250    0.09680962575321769  3.415236843329339e-18       0.50723517786993      2.320569585357909      4.829301982517196      7.524118027456909
                  28500    0.09897302529813459  3.415236843329339e-18     0.5075449769463155      2.323471025117362      4.834822937999864      7.530343366032838
                  28750    0.09911614652743413  3.415236843329339e-18     0.5071327465581191      2.323231270610189      4.837000111720983      7.533695411426135
                  29000    0.09808434414644417  3.415236843329339e-18     0.5072219960217408      2.323301307663163      4.836577927943617      7.532921060194272
                  29250     0.1004001445394207  3.415236843329339e-18     0.5081858083367958      2.326717867937069      4.841929960520514      7.538870262706806
                  29500     0.1009221927070724  3.415236843329339e-18     0.5078902927065601      2.326314068818545      4.844090034496166      7.544154854876575
                  29750      0.101330099596412  3.415236843329339e-18     0.5084871115727062       2.32832190043102      4.846271083280454      7.545547942428414
                  30000      0.101111284957491  3.415236843329339e-18      0.508224398913049      2.328735769076276      4.847933702422102      7.546665288857435
                  30250     0.1059141950295958  3.415236843329339e-18        0.5099070916444      2.335403941629319      4.857716007201305      7.556674694064658
                  30500     0.1080529496040791  3.415236843329339e-18      0.510800917090527      2.338349426099242      4.863316215299803       7.56214237850437
                  30750     0.1094203486669714  3.415236843329339e-18      0.510989168873895      2.339779690574529      4.867303104785179      7.567632025573924
                  31000     0.1116791186215423  3.415236843329339e-18     0.5112022139190768      2.341802865907833      4.872425295392719      7.575846567550472
                  31250     0.1115710568584091  3.415236843329339e-18     0.5110145502153216      2.341905532256828      4.873834762940426      7.578272760750613
                  31500      0.111647478512553  3.415236843329339e-18     0.5109671180852072      2.342278099151609      4.875706903568843      7.580703750273505
                  31750     0.1131048901383977  3.415236843329339e-18     0.5118986050646939       2.34575621208543      4.880291617324278      7.583275744575589
                  32000     0.1103055533304749  3.415236843329339e-18      0.511285167185081      2.344001439436843      4.877744235937912      7.578367194626449
                  32250      0.112080539532234  3.415236843329339e-18     0.5116327387242122      2.346007930470224      4.882319876009138       7.58443779810035
                  32500     0.1127199449583361  3.415236843329339e-18     0.5115886995299127      2.346338305127171      4.884614130786971      7.589205682482508
                  32750     0.1118904443463791  3.415236843329339e-18     0.5114926499645182      2.346164586678949      4.884215679547305      7.589815915062754
                  33000     0.1119089837753481  3.415236843329339e-18     0.5117419408506453      2.347285416341543      4.886013890677584      7.590831399360417
                  33250     0.1149919305918232  3.415236843329339e-18      0.512704276310781      2.350979815146769       4.89294353255927       7.59873497214969
                  33500     0.1177544561743402  3.415236843329339e-18     0.5136039979996319       2.35444475841309      4.899249116813024      7.606017232985532
                  33750     0.1170614982412176  3.415236843329339e-18     0.5135342898094388      2.354019875045622      4.899340299197434      7.607089365122711
                  34000     0.1146889502015974  3.415236843329339e-18     0.5127172542106908      2.351619150235313      4.896892200642751      7.604951267869787
                  34250     0.1161095719300974  3.415236843329339e-18     0.5130408884881482      2.353803157647937      4.900507595262635      7.609931436708855
                  34500     0.1158168486636772  3.415236843329339e-18     0.5130689999101544      2.354162771308096      4.901723879241662      7.610857065444714
                  34750     0.1157201355613512  3.415236843329339e-18     0.5131490429276805      2.354460055010325      4.902556988100611      7.613128726089984
                  35000      0.118261148677312  3.415236843329339e-18     0.5139267554998397      2.357911378027512      4.908260460776396      7.619878269602265
                  35250     0.1209863883137553  3.415236843329339e-18     0.5148018403954576      2.361353956577995      4.914242254590767      7.627231696875965
                  35500     0.1206012323650463   3.40168431617327e-18     0.5142248015001997      2.361275269389135      4.916099090785433      7.628156077875473
                  35750     0.1199997260557876   3.40168431617327e-18     0.5142250431611142      2.361741856182951      4.917052736319859      7.627743108491447
                  36000     0.1218113367128032   3.40168431617327e-18     0.5145605544549228      2.364190497765592      4.921380322988552      7.633681367860743
                  36250     0.1211519629108455   3.40168431617327e-18     0.5143558182458049      2.363634323064184      4.921229560157965      7.635291882471663
                  36500     0.1208350582920698   3.40168431617327e-18     0.5143202665671486      2.363158994104763      4.921691175276989      7.637699766306758
                  36750     0.1208069103888689   3.40168431617327e-18     0.5145576012010182      2.363813970296666      4.923156518684221       7.63910240302386
                  37000     0.1217239164422812   3.40168431617327e-18     0.5150341210342195      2.365350920954878      4.925832344092309      7.642894707713295
                  37250     0.1235833116467941   3.40168431617327e-18     0.5157142032922333      2.367963454126133      4.930540382294397      7.648082821497659
                  37500     0.1223152603844733   3.40168431617327e-18     0.5152935378571168       2.36726473753997      4.930797183754761      7.646516057066441
                  37750     0.1245821344435527   3.40168431617327e-18     0.5157998109087641      2.370274956815466      4.936121067062475      7.652892358546667
                  38000      0.123443526286235   3.40168431617327e-18      0.515236706589507      2.368850277501017      4.935782560773334      7.653398902849313
                  38250     0.1255145169607789   3.40168431617327e-18     0.5161305945252566       2.37208850820238       4.94086476612418      7.658383733248992
                  38500     0.1257495448573767   3.40168431617327e-18     0.5165035328107143      2.373302769887559      4.942776639063411      7.659947554543618
                  38750     0.1260794724386677   3.40168431617327e-18     0.5164848135036831      2.373929448077486      4.944562986291076      7.663060507760225
                  39000     0.1261280534498933   3.40168431617327e-18     0.5168450043621767      2.375099800343176      4.946777865644196      7.663401013791834
                  39250     0.1255113044923014   3.40168431617327e-18     0.5169041668214921      2.375442944766057      4.947599539686227      7.662888490743391
                  39500     0.1252004647545847   3.40168431617327e-18      0.516650415927577      2.375352228992013      4.948453050638737      7.664602356841987
                  39750      0.124156884428282   3.40168431617327e-18      0.516182592303515      2.374239061319458      4.947698783271601      7.665428604043425
                  40000     0.1248827753373387   3.40168431617327e-18     0.5165174925193768      2.376099274896162      4.950245055877441      7.668007607558406
                  40250     0.1262724647196801   3.40168431617327e-18     0.5169087281043832      2.378184216049867      4.953940470440488      7.672488325698913
                  40500     0.1249753492617571   3.40168431617327e-18     0.5166608521859237      2.377548308018139      4.952769348995504      7.671722687650888
                  40750     0.1201410585677783   3.40168431617327e-18     0.5164046281076884      2.374570352495841      4.945230037647812      7.661907594371088
                  41000     0.1144031572624358   3.40168431617327e-18     0.5161237937967842      2.371527444840227      4.936128317593381      7.649049661904991
                  41250     0.1088320171595054   3.40168431617327e-18     0.5157559970056514       2.36801081499382      4.927333859095412      7.637103214243229
                  41500     0.1036621440813051   3.40168431617327e-18     0.5151431081641192      2.362841497495399      4.917923707719746      7.629509520908656
                  41750    0.09819642591002754   3.40168431617327e-18     0.5147549857971363      2.359017870426679      4.908280085718409      7.618938669627882
                  42000    0.09267779683969189   3.40168431617327e-18      0.514427233990165      2.355850564794852      4.898975434212674      7.606880452551803
                  42250    0.08722971573245851   3.40168431617327e-18     0.5140764299949625      2.352269695055309       4.88977412558982      7.595342375812542
                  42500    0.08189132175668321   3.40168431617327e-18     0.5136760689252466       2.34833954709323      4.880039371998669      7.585122968729755
                  42750    0.07654185163001215   3.40168431617327e-18     0.5133070197172673      2.344807993833134      4.871187146948611      7.573376325511323
                  43000    0.07113963134987895   3.40168431617327e-18     0.5129968540981205      2.341663176335956      4.862317294842992      7.560777865668467
                  43250     0.0658926129722707   3.40168431617327e-18     0.5126058893005884      2.338080075967557      4.854029871529127      7.548737552415859
                  43500    0.06091779671831111   3.40168431617327e-18     0.5120558487955087      2.333355930932801      4.845079239203548      7.539868969935155
                  43750    0.05576894591271388   3.40168431617327e-18     0.5116451174713317      2.329429163049272      4.836242976115823      7.528934969037153
                  44000    0.05061735611182638   3.40168431617327e-18     0.5112586755272817      2.325583935479685      4.826984063953916      7.518154646391756
                  44250    0.04571450272427083   3.40168431617327e-18     0.5107285576439079      2.321023691874026      4.818151858307923      7.508906539340106
                  44500    0.04073097283025892   3.40168431617327e-18     0.5102743349416585      2.316910747974962      4.808943228495652      7.498965154690944
                  44750    0.03559961673870622   3.40168431617327e-18     0.5099401731202481      2.313764323069552      4.800716964264609       7.48607176013491
                  45000    0.03081090365046511   3.40168431617327e-18     0.5093995863386674      2.309242911592179       4.79256505636366      7.476257441523622
                  45250    0.02600490636017526   3.40168431617327e-18     0.5088919007680242      2.304896007897562      4.783716283562031      7.466712854831985
                  45500    0.02104491084397887   3.40168431617327e-18     0.5085073680067744      2.301145097045125      4.773822507560008      7.456588531083006
                  45750    0.01629643208688423   3.40168431617327e-18     0.5080033742661462      2.296872233225633      4.765241083180958      7.446715503628907
                  46000    0.01138383664977135   3.40168431617327e-18     0.5076284986154093      2.293406689711333      4.756695243607111      7.434917940560038
                  46250   0.006720044921734487   3.40168431617327e-18     0.5071093389752397      2.289052304671217      4.748134433994071      7.425279866057906
                  46500   0.001953420877230031   3.40168431617327e-18       0.50667817765414      2.285483007104437       4.74007059602759      7.413627824198713
                  46750  -0.002544227267021324   3.40168431617327e-18     0.5060895000090763      2.280542564100295      4.730793836415523      7.405939717749875
                  47000  -0.007376993067676648   3.40168431617327e-18     0.5057412244961645      2.277318423150634      4.722241878308608      7.393767370438431
                  47250   -0.01196334724636917   3.40168431617327e-18      0.505250035232829      2.272995487239831       4.71274750593523      7.384885723885312
                  47500   -0.01659934850085519   3.40168431617327e-18     0.5048106297423879      2.269189295723324      4.704039110969437      7.374279744336476
                  47750   -0.02114872877105976   3.40168431617327e-18     0.5043332554134007      2.265190084978429      4.695742880332598      7.363805736082699
                  48000   -0.02578556919412457   3.40168431617327e-18     0.5039319022722977      2.261500389935527      4.687211437741802      7.352621609426849
                  48250   -0.03027647295702585   3.40168431617327e-18      0.503453380631781      2.257348983957266      4.678487951899214      7.342779385482186
                  48500   -0.03198945188062951   3.40168431617327e-18     0.5029806968933802      2.255231790384955      4.674817355801318      7.339632116553808
                  48750   -0.03096236114612267   3.40168431617327e-18     0.5027448121802894      2.255234569463117      4.676318507671872      7.342672143647458
                  49000   -0.02927615980175893   3.40168431617327e-18     0.5033384961841394      2.257080798845283      4.678682726915917      7.345527540868688
                  49250   -0.02712469678685583   3.40168431617327e-18     0.5033730609085585      2.258109313851505      4.682031436676801        7.3511437334239
                  49500   -0.02813319644604738   3.40168431617327e-18     0.5028923290145465      2.255795890884755      4.679219227967992      7.351002933026099
                  49750   -0.02583252996993934   3.40168431617327e-18     0.5034534662763571      2.258018929484769      4.683182420282256      7.355049388291172
                  50000   -0.02481105118955021   3.40168431617327e-18     0.5032433078566499      2.258333159471321      4.684982030858231      7.357606329085822
                  50250   -0.02234765988397918   3.40168431617327e-18     0.5041291902277246      2.261444829519356      4.689540318422417      7.360764897296722
                  50500   -0.02094517729731751   3.40168431617327e-18     0.5043469826952016      2.262594263874151      4.691884747931787      7.363510256043766
                  50750   -0.01953471614160063   3.40168431617327e-18     0.5045111962525516      2.263712441574034      4.694158693230539      7.366499434745368
                  51000   -0.01788466687238304   3.40168431617327e-18     0.5048584243224316      2.265141595721355      4.696622068942709      7.370040349705233
                  51250   -0.01831109086607328   3.40168431617327e-18     0.5045301900844902      2.264723615251414      4.696093084919634       7.36872830677909
                  51500   -0.01597027600196666   3.40168431617327e-18     0.5049375705886302      2.267005632555006      4.700187590403601      7.373222723521729
                  51750   -0.01464162066349637   3.40168431617327e-18     0.5050303608400072      2.267886361997521      4.702122389931055      7.376594793764207
                  52000   -0.01437740462630898   3.40168431617327e-18     0.5048584294938461      2.268412142429072      4.702857406048544      7.376467145003427
                  52250    -0.0128571886869615   3.40168431617327e-18     0.5053593400203089      2.269950307975036      4.704937112679759      7.379625072597741
                  52500   -0.01439110891256944   3.40168431617327e-18     0.5047088534440149       2.26814349055351      4.703241020775047      7.375788807019096
                  52750   -0.01230920777656488   3.40168431617327e-18     0.5051164901769259      2.270364627346952      4.706911460037028      7.379574632222653
                  53000   -0.01022494108640685   3.40168431617327e-18     0.5054952231863939      2.272479282599835      4.710545178793707      7.383609989788661
                  53250  -0.009629172592561993   3.40168431617327e-18     0.5052884564871981      2.272392797572738      4.711280799190926      7.385917302348418
                  53500  -0.009803418187739778   3.40168431617327e-18     0.5051682857344734      2.271963239170859      4.710980627167379      7.385670624264499
                  53750  -0.009237840664808299   3.40168431617327e-18     0.5050635559685975      2.272147917820986      4.712158487216747      7.387009140304072
                  54000  -0.008363633908986125   3.40168431617327e-18     0.5050947252849483      2.272323012462348      4.713410856456044      7.389711163778355
                  54250   -0.00597470295166398   3.40168431617327e-18     0.5056373764029765       2.27457585569972      4.717496149861085      7.394615067280534
                  54500  -0.004459872199422999   3.40168431617327e-18     0.5054749684074251      2.274929835549798       4.71987363133713      7.399503279559811
                  54750  -0.002466875389687222   3.40168431617327e-18     0.5056970895936104      2.276630977371175      4.723393933367662      7.403930260132351
                  55000  -0.001687338921019605   3.40168431617327e-18     0.5059720800329168      2.277777071946585      4.724867901111415      7.404867690576684
                  55250 -0.0009894875456201312   3.40168431617327e-18     0.5060419175488033      2.278094672670162      4.726047931603932      7.406758922053855
                  55500 -0.0004682457628209269   3.40168431617327e-18     0.5062703430126108      2.278637680437419      4.726854504032309      7.407765537643108
                  55750   0.002712141870050635   3.40168431617327e-18     0.5071641516968117      2.282270983949838      4.732230997856822      7.413779498176044
                  56000   0.002923744064491852   3.40168431617327e-18     0.5067964421905609      2.281899937018689      4.732949974670995      7.414919827089104
                  56250   0.004644488220090297  3.394908052595236e-18     0.5070442004431143      2.283815945926786      4.736148632096497      7.418248125676649
                  56500   0.005134807307966303  3.394908052595236e-18     0.5068510984435297      2.283944349476426      4.736800466220104      7.420221138943186
                  56750   0.006759763609971553  3.394908052595236e-18     0.5071920620700719      2.285628846861224      4.739167275463879      7.424090035366043
                  57000   0.008152342071864972  3.394908052595236e-18     0.5073750100987156      2.286744586831608      4.741894494596918      7.427190404513533
                  57250    0.01008574942662828  3.394908052595236e-18     0.5077250087375508      2.288681552118615      4.745343053426189      7.431324805631927
                  57500    0.01013136102650784  3.394908052595236e-18      0.507556853592546      2.288281764461269      4.745484447454156      7.432204333333658
                  57750    0.01036013191989564  3.394908052595236e-18     0.5073516737899877      2.288562707611552      4.746439635161642      7.432536622368964
                  58000    0.01040742981038816  3.394908052595236e-18     0.5072585201150506      2.288498015980887      4.746883588721011      7.432710752295274
                  58250    0.01196619351382129  3.394908052595236e-18     0.5075350375597907      2.289961000531384      4.749749666587994      7.436141456715878
                  58500    0.01331799319717166  3.381355525439167e-18     0.5076432940981921      2.291285515469426      4.752219373999284      7.439263519627727
                  58750    0.01530466882576874  3.381355525439167e-18      0.508077468370657      2.293282334354184      4.756021633291406       7.44326184906834
                  59000    0.01728760721872618  3.367802998283098e-18     0.5084981839689867      2.295085332986587      4.759632586310709      7.447678711177784
                  59250    0.01861699489184605  3.367802998283098e-18     0.5088786044792484      2.296190892252747      4.762054333712033      7.450800562927691
                  59500    0.01955830667328686  3.367802998283098e-18      0.508865590603483      2.297072634287185      4.764043309360007      7.453052517412369
                  59750    0.02187182248095002  3.367802998283098e-18     0.5094140667862109      2.299666077587968      4.768466780561744      7.457489230799093
                  60000    0.02272340608542089  3.367802998283098e-18     0.5093527512207106      2.299944373587262      4.770459352005257      7.460002520100647
                  60250    0.02555469112133118  3.367802998283098e-18     0.5104390481425765      2.303604099807426      4.775339038460435      7.465038948512742
                  60500    0.02667377896108301  3.367802998283098e-18     0.5104172455944022      2.304317342504882      4.777406246574761      7.468410688478476
                  60750    0.02684454126268643  3.367802998283098e-18     0.5103293313006643      2.304718383522801      4.777957999554259       7.46893907796191
                  61000    0.02735874421322149  3.367802998283098e-18     0.5102373736141342      2.305450306678297      4.779329546225449        7.4700477141952
                  61250    0.02784248642512059  3.367802998283098e-18     0.5101128650515921      2.305439351117011      4.780638422873357      7.471850913449408
                  61500    0.02908877609333154  3.367802998283098e-18     0.5104168595852462      2.306521356097969      4.782879972928836      7.475025105668535
                  61750    0.02838127080426224  3.367802998283098e-18     0.5100755757666909      2.305907130536863      4.782554559893391      7.473349486767417
                  62000    0.02985943969781556  3.367802998283098e-18     0.5103159736214382      2.306923617481929      4.785359539816596      7.477256396555607
                  62250     0.0310172361475817  3.367802998283098e-18     0.5104147853766575      2.307912065727842      4.787401739524698      7.480527304594061
                  62500    0.03243852056739498  3.367802998283098e-18     0.5104839755357227      2.309175259071035      4.790314710920444      7.484012327496173
                  62750    0.03222530449439231  3.367802998283098e-18     0.5103845394118819      2.309065067025518        4.7902108464646        7.4839022291755
                  63000      0.033574699884112  3.367802998283098e-18     0.5107806216708153      2.310603056685325      4.792770666868779      7.486800799187956
                  63250    0.03444025751923477  3.367802998283098e-18     0.5108815462036321      2.311348249161131      4.794279302242959      7.489442686094417
                  63500    0.03430774609171876  3.367802998283098e-18     0.5109104183109445      2.311867987780357      4.794916013185007      7.488258336003384
                  63750    0.03610272650263895  3.367802998283098e-18     0.5111046663174434      2.313353154299115      4.798552902791309      7.492597122238235
                  64000    0.03660556801363885  3.367802998283098e-18     0.5108959755557337      2.313584517802392      4.799791673418662      7.494549671132249
                  64250    0.03827663464775021  3.367802998283098e-18     0.5114378714535411      2.315398830966397      4.802853494348394      7.498204006591636
                  64500     0.0382939884728369  3.367802998283098e-18      0.511185931937875      2.315123162983632       4.80334363464863      7.499057958783321
                  64750    0.03824747199769433  3.367802998283098e-18     0.5111189389080577      2.315218055742401      4.803868024134029      7.498995748139583
                  65000    0.03911472119223611  3.367802998283098e-18     0.5116244749827009      2.316529400822263       4.80551885810529      7.500603469626047
                  65250    0.03835594188168447  3.367802998283098e-18     0.5112987200642741      2.315623037382959      4.804545189702484       7.49974994860488
                  65500    0.03843441234019497  3.367802998283098e-18     0.5114837141985054      2.316140112289144      4.804971350290738      7.499742798663771
                  65750    0.03960551657785327  3.367802998283098e-18     0.5119312313141039      2.317547198290645        4.8068944107095       7.50255608358926
                  66000     0.0410119609821143  3.367802998283098e-18     0.5120673392401841      2.318868072215768      4.809711875777047      7.506060315602926
                  66250    0.04254150997299658  3.367802998283098e-18     0.5126420250677818      2.320701554342136      4.812450009136327      7.509343725534735
                  66500     0.0438325510848775  3.367802998283098e-18     0.5130388390945392      2.322211230659791       4.81478118667701      7.512354950727843
                  66750    0.04310241337276335  3.367802998283098e-18     0.5129412194614171      2.321884134496314      4.813900481504562      7.510815467153264
                  67000    0.04445604370153803  3.367802998283098e-18      0.513362457019704      2.323630438507821      4.816383551867323      7.513737149283668
                  67250     0.0463588060616771  3.367802998283098e-18     0.5137525040057708      2.325981158535667      4.820145110697243      7.517581047922012
                  67500    0.04734679300053068  3.367802998283098e-18     0.5136042756446122      2.326577675346199      4.822477962705343      7.520593281401973
                  67750    0.04784436746704095  3.361026734705064e-18     0.5137774957222027      2.327184733123617      4.823420759181572      7.522222230761651
                  68000    0.04772705044183707  3.361026734705064e-18     0.5139236850214014      2.327517120140917      4.823464039675648      7.521979323632637
                  68250    0.04795530190835485  3.361026734705064e-18     0.5136642711676119      2.327072133975284      4.823994727747569      7.524156659764405
                  68500      0.048309649116807  3.361026734705064e-18     0.5136806277781981      2.327525718790812      4.825382903031849       7.52492961565193
                  68750    0.04913120224817234  3.354250471127029e-18     0.5139518549079024      2.328385684456729      4.827213855599361        7.5269420356942
                  69000    0.05027664665595254  3.354250471127029e-18     0.5142795185506885      2.329848408986775       4.82962188967684       7.52935434401195
                  69250     0.0500906706261002  3.354250471127029e-18      0.514448134038721      2.330347187823318      4.829809065661874      7.528456651070249
                  69500    0.05182385032359307  3.354250471127029e-18     0.5147572035961003      2.331933841865548      4.833275321481072      7.532657666242834
                  69750    0.05247216116004082  3.354250471127029e-18     0.5150481516668899      2.333114501557613      4.834940683651905      7.533674918249587
                  70000    0.05326610490235505  3.354250471127029e-18     0.5152698487903609      2.333937021701067      4.836660299649537      7.535803490615356
                  70250    0.05507247853818704  3.354250471127029e-18     0.5159278928087019      2.336085106031881      4.840116625443974      7.539518458728974
                  70500    0.05554948778978717  3.354250471127029e-18     0.5159286571453983      2.336555863407941      4.841181216013179      7.541330928929042
                  70750    0.05590297629250115  3.354250471127029e-18     0.5158884566946833       2.33726113106898      4.842563757735971      7.542016697232358
                  71000    0.05733567166901609  3.354250471127029e-18     0.5165462074624246       2.33915326339804      4.845203272892999      7.544967567117014
                  71250    0.05739805980467966  3.354250471127029e-18     0.5164386660529476      2.339269951918398      4.845804718401097      7.545650378236425
                  71500    0.05789601128530824  3.354250471127029e-18     0.5163994917574636      2.339559849574091      4.847081012422201      7.547602045291783
                  71750     0.0582826971209938  3.354250471127029e-18     0.5163584622989665      2.339824048209089      4.848137111766411      7.549242949537063
                  72000    0.05909228175063846  3.354250471127029e-18     0.5162662658470183      2.340411550900352      4.849874730491592      7.552053047124611
                  72250    0.05825948878143012  3.354250471127029e-18     0.5160199368695839      2.339810923353152      4.848828378794124       7.55077547446626
                  72500    0.05879484913540742  3.354250471127029e-18     0.5163658791353273      2.340639397709105      4.850252643266844      7.551831720551653
                  72750    0.06085228756219114  3.354250471127029e-18     0.5167497541383593      2.342775556884266      4.854284816209481      7.556569994978754
                  73000    0.06119494676839205  3.354250471127029e-18      0.517100664036266      2.343780255163625      4.855433176361085      7.556803734246133
                  73250    0.06093651051108369  3.354250471127029e-18     0.5169411536866341      2.343616846792782      4.855719340454734      7.556561952091681
                  73500    0.06165102787011553  3.354250471127029e-18     0.5172216065398642      2.344521495461991      4.857526626918476        7.5581592528788
                  73750    0.06313999186377685  3.354250471127029e-18     0.5178164926350891      2.346306487244043      4.860409708373243      7.561366662587103
                  74000    0.06402799483716498  3.354250471127029e-18     0.5179337123722592       2.34733757428028      4.862163317702788      7.563952811399676
                  74250    0.06271806401799483  3.354250471127029e-18     0.5177126482204916       2.34652693650218      4.860640044704808        7.5609967287217
                  74500    0.06248980540723939  3.354250471127029e-18     0.5175243413913435      2.345964609448893      4.860551016182359      7.561717079330242
                  74750    0.06307985243007408  3.354250471127029e-18     0.5175248470600605      2.346646283362475       4.86208699754952      7.563470824827008
                  75000    0.06296758230869134  3.354250471127029e-18     0.5173941980239197      2.346470629098872      4.862511678723468       7.56381350524579
                  75250    0.06331913542292604  3.354250471127029e-18     0.5174227240721879      2.346871213741192      4.863613229197186      7.565059943413861
                  75500     0.0651189583363342  3.354250471127029e-18     0.5177885749758167      2.348601381366411       4.86698195917639      7.569629158474871
                  75750    0.06456175570791749  3.354250471127029e-18     0.5175852800963567      2.348299760327873       4.86713624590787      7.568230880169447
                  76000    0.06459864421766624  3.354250471127029e-18     0.5178263346047859      2.348980818911156      4.867707956051718      7.567952084898333
                  76250    0.06462629676658845  3.354250471127029e-18     0.5174077894897726      2.348585814831751      4.868761580823625      7.568881109778452
                  76500    0.06565908867076257  3.354250471127029e-18     0.5178638375668371      2.349743113129408      4.870439746066601      7.571786732650912
                  76750     0.0661911280145729  3.354250471127029e-18     0.5177693011163585      2.350117721364899      4.871926315875172      7.573722564259867
                  77000    0.06750990021984205  3.354250471127029e-18     0.5181581505355699      2.351582525180837       4.87458761188841      7.576862601971738
                  77250    0.06719386969494075  3.354250471127029e-18     0.5181048403949744      2.351623214114817      4.874336803376761      7.576601125951061
                  77500    0.06895830536316987  3.354250471127029e-18     0.5185490469464015      2.353490069395045      4.877571233558364      7.580947664802669
                  77750    0.06937641595180029  3.354250471127029e-18     0.5187059807108709      2.354192624446856        4.8787273484655      7.582104998172037
                  78000    0.06929938372620281  3.354250471127029e-18     0.5187665096410645      2.354060145959254      4.878924490052873      7.582677344682429
                  78250    0.07075412484971379  3.354250471127029e-18     0.5192858010556282      2.355943975360796      4.881630509642547      7.585929566976245
                  78500    0.07214103138587022  3.354250471127029e-18     0.5194802079160996      2.357420099601256      4.884540672500008      7.589390567031464
                  78750    0.07273076544563209  3.354250471127029e-18     0.5195478506740384      2.357884701322837      4.885640318448556       7.59181638773534
                  79000    0.07204545858331381  3.354250471127029e-18     0.5192161966504176      2.357269825256042      4.885200288625628      7.590885607806004
                  79250    0.07211101816044624  3.354250471127029e-18     0.5191697610956225      2.357251221272885      4.885957076484539      7.591621883696943
                  79500    0.07211665881847347  3.354250471127029e-18     0.5190406431715612      2.357485497783171       4.88639987415092      7.592199899184511
                  79750    0.07284520191935745  3.354250471127029e-18     0.5191984562081376      2.358200621869753      4.888219228042376      7.594249252425485
                  80000    0.07309490694923595  3.354250471127029e-18     0.5192508906006434      2.358277506251294      4.888710325008975       7.59597845018361
                  80250     0.0724696855315715  3.354250471127029e-18     0.5190262674261714      2.357874623647727      4.888061858084287      7.595226463548979
                  80500    0.07298293090601479  3.354250471127029e-18     0.5192450053082591      2.358609596648917       4.88933521546056      7.596658966214337
                  80750    0.07416523199262115  3.354250471127029e-18     0.5196431295564753      2.360071638024754      4.891662599365426      7.599491114244004
                  81000    0.07522210553101727  3.354250471127029e-18     0.5199674813135695      2.361107938374138      4.893488030736803       7.60270617422771
                  81250    0.07610725801056967  3.354250471127029e-18      0.519820954702498      2.361475952784623      4.895518065875719      7.606006481072085
                  81500    0.07570697793060434  3.354250471127029e-18     0.5197839102990153      2.361121723886711      4.895287276018125      7.605749329788352
                  81750    0.07608753493644808  3.354250471127029e-18     0.5198460799176819      2.361598218635272        4.8963444424261      7.607174843508182
                  82000    0.07703466444998298  3.354250471127029e-18     0.5201248915060949      2.362637880495175      4.898658120978193      7.609405278729286
                  82250    0.07712816842436751  3.354250471127029e-18     0.5201201821073411       2.36260506638294      4.899268962395328      7.610427106128949
                  82500    0.07764312668141637  3.354250471127029e-18     0.5204453102634458      2.363528994978556      4.900584899699933      7.611572561158369
                  82750    0.07898773444421117  3.354250471127029e-18      0.520937761706765      2.365008113987923      4.903053035466112      7.614999553026959
                  83000    0.08059400322619009  3.354250471127029e-18     0.5215076381825064      2.366849728360407      4.906091257652836       7.61874451569584
                  83250     0.0814726752091986  3.354250471127029e-18     0.5218512593559937      2.368111611619726      4.908183519882666      7.620618345450315
                  83500    0.08163032664322444  3.354250471127029e-18      0.521906358246068      2.368320099927726      4.908885268267806      7.621616057208561
                  83750    0.08199050586686807  3.354250471127029e-18      0.522038983631859      2.368843139846602      4.910148194857622      7.622676226208837
                  84000    0.08260614143505986  3.354250471127029e-18     0.5221036375781533      2.369413540170207      4.911820553696255      7.624625914031903
                  84250    0.08314566228048403  3.354250471127029e-18     0.5221348092968033      2.370101524291745      4.913365576737935      7.626244421451887
                  84500     0.0838310571642972  3.354250471127029e-18     0.5221297048607459      2.370902279924545      4.915225973609716      7.628201765107519
                  84750    0.08406763762388179  3.354250471127029e-18     0.5220888510362689      2.371046660986297      4.916004964635102       7.62969453885783
                  85000    0.08383184577573588  3.354250471127029e-18        0.5219399145173      2.370910481034526      4.916043926731566      7.629949796226795
                  85250    0.08305460024748952  3.354250471127029e-18     0.5217636547964575      2.370653827227499      4.915456543555988      7.628265478262581
                  85500      0.080661633483345  3.354250471127029e-18     0.5215109481388086      2.368716666505164      4.911642191931072      7.623460342988065
                  85750    0.07802025711517233  3.354250471127029e-18     0.5213146621824118      2.366760501419297      4.906727667740078      7.618437683041162
                  86000    0.07533872648359723  3.354250471127029e-18     0.5211517811514285      2.365255431010179      4.902817043522363      7.611686703658962
                  86250    0.07264695723413331  3.354250471127029e-18      0.521001776647376      2.363798664516656      4.899080794300979      7.604609912721443
                  86500    0.07004310298267727  3.354250471127029e-18     0.5207975199754545      2.361896708624325       4.89449184234403      7.599285241729265
                  86750     0.0674857299410289  3.354250471127029e-18     0.5205673571828653      2.359739815158022      4.889454312678909      7.594885110221951
                  87000    0.06491510382012568  3.354250471127029e-18     0.5203520730920724      2.357664887089784       4.88422837773216       7.59047296623757
                  87250    0.06237146272867036  3.354250471127029e-18     0.5201241585012768      2.355475437774631      4.879749297957406      7.585538802061032
                  87500    0.05980521178443803  3.354250471127029e-18     0.5199174190853073      2.353590022694227      4.875167812921368      7.580231654313617
                  87750    0.05808435965516322  3.354250471127029e-18     0.5199423991987424      2.352911999845577      4.872683935856458      7.575579271803224
                  88000     0.0588350706849519  3.354250471127029e-18     0.5200710701064253      2.353655665590013      4.874160887557328      7.577790979563526
                  88250    0.05881718007215889  3.354250471127029e-18     0.5199551172749204      2.353516690401288      4.874363256333931      7.578567408404826
                  88500    0.05893256416680418  3.354250471127029e-18     0.5201227209890898      2.353722059668192      4.874549069735068      7.579395839322957
                  88750    0.06064117718984733  3.354250471127029e-18     0.5205180241003354      2.355558698869323      4.877780111498129      7.583295030971668
                  89000    0.06032312736229997  3.354250471127029e-18     0.5202477842752782       2.35500783234425      4.877757844242135      7.583373201581105
                  89250    0.05999866484417388  3.354250471127029e-18     0.5201238242394139      2.354798095384275      4.877496291607036      7.583167070214071
                  89500    0.06035172731761214  3.354250471127029e-18     0.5202823687789063      2.355375525765478      4.878199341626141      7.584313590416413
                  89750    0.06071935478882344  3.354250471127029e-18     0.5203415419356759      2.355889795941627       4.87924890243028      7.585348099354661
                  90000    0.06040106403940619  3.350862339338012e-18     0.5200731084757826      2.355428193999644      4.879178904273464      7.585376345188518
                  90250    0.06092757579765583  3.350862339338012e-18     0.5200584298353605      2.355870709794604      4.880477178872311      7.587107149653904
                  90500    0.06083692297347093  3.350862339338012e-18     0.5200528622939296      2.356003339688918      4.880773432030949      7.587045458902609
                  90750     0.0613616382550813  3.350862339338012e-18     0.5201128368813767      2.356593073626451      4.881972442385138      7.588640457647702
                  91000    0.06202003730291363  3.350862339338012e-18     0.5203561301986558      2.357353008201712      4.883353694159601      7.590373713913748
                  91250    0.06259934953924992  3.350862339338012e-18     0.5203429600659363       2.35777073491783      4.884628794627447      7.592423528801038
                  91500     0.0639413949338991  3.350862339338012e-18      0.520607533660759      2.359126124197678      4.887279051195375      7.595706383969882
                  91750    0.06434078788382039  3.350862339338012e-18     0.5207905450624155      2.359667443991085      4.888284912300905      7.596825818817751
                  92000    0.06475094745107562  3.350862339338012e-18      0.520985510653843      2.360359662115657      4.889156167882484      7.597973362763683
                  92250    0.06550661331828468  3.350862339338012e-18     0.5211043127371915      2.361099816654529      4.890737777277342       7.60016644480122
                  92500    0.06651240793536205  3.350862339338012e-18     0.5215380877638168       2.36250981847596      4.892595216482725      7.602362895183954
                  92750    0.06759979068294376  3.350862339338012e-18     0.5218597733405135       2.36371194977134      4.894633639746235       7.60511331875811
                  93000    0.06814991440982024  3.350862339338012e-18     0.5221003863157173       2.36467074319184       4.89598237379704        7.6062054507198
                  93250    0.06881298863061827  3.350862339338012e-18      0.522349553211731      2.365499549813117      4.897448420518778      7.607869651214538
                  93500    0.06898587889952736  3.350862339338012e-18     0.5224894492470842      2.366191790614321      4.898519451964063      7.607723347480306
                  93750    0.06905291153623049  3.350862339338012e-18      0.522651421699371      2.366217317513537      4.898507361535705      7.608776652729651
                  94000    0.06963306302036737  3.350862339338012e-18     0.5228676973688289       2.36705728811938      4.899834886358846      7.610188251380269
                  94250    0.07069726393340776  3.350862339338012e-18     0.5232914338038002      2.368516329893998      4.901808093835284      7.612554403544616
                  94500    0.07042373068425821  3.350862339338012e-18     0.5232325693220229      2.368420234312743      4.901762772285158       7.61229171614277
                  94750    0.06957377200736865  3.350862339338012e-18     0.5231317636769265      2.367803077351089       4.90056841727119      7.610850089546995
                  95000    0.07007537249026316  3.350862339338012e-18     0.5232042395544647      2.368374393020061      4.901846993948008        7.6123270599052
                  95250    0.07119886926834426  3.350862339338012e-18      0.523450235914675      2.369622132554692      4.904200014588415      7.614996695746015
                  95500    0.07153456903854963  3.350862339338012e-18     0.5234361172568885      2.369876008460041      4.905165395228437      7.616373749829683
                  95750    0.07133528372060716  3.350862339338012e-18     0.5233412399874852      2.369754170726984      4.905121974448683      7.616539692742539
                  96000    0.07102337925609659  3.350862339338012e-18     0.5232547581186197      2.369740320524683      4.905183877262369      7.615916640141308
                  96250    0.07273812270630284  3.350862339338012e-18     0.5239837666794956      2.371972187004228      4.908284557096432       7.61933033132672
                  96500    0.07255994497529446  3.350862339338012e-18     0.5239954464702054      2.371943672208063      4.908264857824665      7.619384762281088
                  96750    0.07195033963645907  3.350862339338012e-18     0.5239220197786948      2.371639888510168      4.907715765142662      7.618167204322807
                  97000    0.07251231491064566  3.350862339338012e-18     0.5239446769547004      2.372085672947448      4.908945608233465      7.620179612242984
                  97250    0.07275765030525941  3.350862339338012e-18     0.5240966872927422      2.372505749602508      4.909711646673549      7.620972231843545
                  97500    0.07340230443961132  3.350862339338012e-18     0.5242523298032746      2.373343012231973        4.9113193269995      7.622503039160796
                  97750    0.07360001115936067  3.350862339338012e-18     0.5242492580589935      2.373412549922908      4.911963193576073      7.623691818341634
                  98000    0.07393236945834812  3.350862339338012e-18     0.5243423318630864       2.37379583639368      4.912692655402048      7.625054929937913
                  98250    0.07346007607747997  3.350862339338012e-18     0.5240686272856983      2.373327387432318      4.912513075069446      7.624524610656375
                  98500    0.07338438289159406  3.350862339338012e-18     0.5240821968530039      2.373656180803563      4.912824853669695      7.624392505975072
                  98750    0.07358746640095137  3.350862339338012e-18      0.523976496529867      2.373715245434538      4.913598215250926      7.625583484942822
                  99000    0.07324157515809659  3.350862339338012e-18      0.524022910106657      2.373737045179999      4.913434842080742      7.624845133329265
                  99250    0.07390020509012792  3.350862339338012e-18     0.5243204625517415      2.374789526013199      4.915009902785055      7.626107225458947
                  99500    0.07357845404120417  3.350862339338012e-18     0.5240908273588576      2.374597780869134      4.914871283756924      7.625954221540352
                  99750    0.07364058894369835  3.350862339338012e-18     0.5242129381506754      2.375053869504764      4.915298352856631      7.626150456929215
                 100000    0.07432891459455382  3.350862339338012e-18     0.5243783176591233      2.376086340431104      4.916827953427375      7.627761415865932
